2688 codewords found
 0 1 2 3 4 5 6 7 : 1
 5 0 7 3 4 1 2 6 : 2
 1 5 6 3 4 0 7 2 : 3
 6 0 3 4 7 1 5 2 : 4
 2 0 4 7 3 1 6 5 : 5
 7 1 3 4 2 5 0 6 : 6
 3 1 4 7 5 6 0 2 : 7
 4 1 7 3 6 2 0 5 : 8
 0 2 7 4 6 5 3 1 : 9
 5 7 6 4 2 1 3 0 : 10
 1 6 2 4 7 0 3 5 : 11
 6 3 2 7 5 1 4 0 : 12
 2 4 5 3 6 1 7 0 : 13
 7 3 6 2 0 5 4 1 : 14
 3 4 2 5 0 6 7 1 : 15
 4 7 5 6 0 2 3 1 : 16
 0 5 3 7 2 6 4 1 : 17
 5 1 3 6 7 2 4 0 : 18
 1 0 3 2 6 7 4 5 : 19
 6 1 4 2 3 5 7 0 : 20
 2 1 7 5 4 6 3 0 : 21
 7 5 4 6 3 0 2 1 : 22
 3 6 7 2 4 0 5 1 : 23
 4 2 3 5 7 0 6 1 : 24
 0 7 1 6 3 5 4 2 : 25
 5 6 0 2 3 1 4 7 : 26
 1 2 5 7 3 0 4 6 : 27
 6 2 0 5 4 1 7 3 : 28
 2 5 0 6 7 1 3 4 : 29
 7 6 1 0 4 5 2 3 : 30
 3 2 1 0 7 6 5 4 : 31
 4 5 1 0 3 2 6 7 : 32
 0 6 4 3 5 2 7 1 : 33
 5 2 4 3 1 7 6 0 : 34
 1 7 4 3 0 6 2 5 : 35
 6 5 7 4 1 3 2 0 : 36
 2 6 3 7 1 4 5 0 : 37
 7 0 2 4 5 3 6 1 : 38
 3 0 5 7 6 4 2 1 : 39
 4 0 6 3 2 7 5 1 : 40
 0 3 1 2 4 6 7 5 : 41
 5 3 0 7 4 2 6 1 : 42
 1 3 5 6 4 7 2 0 : 43
 6 4 0 3 7 5 2 1 : 44
 2 7 0 4 3 6 5 1 : 45
 7 4 1 3 2 0 6 5 : 46
 3 7 1 4 5 0 2 6 : 47
 4 3 1 7 6 0 5 2 : 48
 0 4 1 5 7 2 3 6 : 49
 5 4 0 1 6 7 3 2 : 50
 1 4 5 0 2 6 3 7 : 51
 6 7 0 1 2 3 4 5 : 52
 2 3 0 1 5 4 7 6 : 53
 7 2 1 5 6 3 4 0 : 54
 3 5 1 6 2 4 7 0 : 55
 4 6 1 2 5 7 3 0 : 56
 0 1 5 4 7 6 2 3 : 57
 5 0 1 4 6 2 7 3 : 58
 1 5 0 4 2 7 6 3 : 59
 6 0 1 7 2 5 3 4 : 60
 2 0 1 3 5 6 4 7 : 61
 7 1 5 2 6 0 3 4 : 62
 3 1 6 5 2 0 4 7 : 63
 4 1 2 6 5 0 7 3 : 64
 0 2 5 6 1 3 7 4 : 65
 5 7 1 2 0 3 6 4 : 66
 1 6 0 7 5 3 2 4 : 67
 6 3 1 5 0 4 2 7 : 68
 2 4 1 6 0 7 5 3 : 69
 7 3 5 0 1 4 6 2 : 70
 3 4 6 0 1 7 2 5 : 71
 4 7 2 0 1 3 5 6 : 72
 0 5 6 2 1 4 3 7 : 73
 5 1 2 7 0 4 3 6 : 74
 1 0 7 6 5 4 3 2 : 75
 6 1 5 3 0 7 4 2 : 76
 2 1 6 4 0 3 7 5 : 77
 7 5 0 3 1 2 4 6 : 78
 3 6 0 4 1 5 7 2 : 79
 4 2 0 7 1 6 3 5 : 80
 0 7 5 3 2 4 1 6 : 81
 5 6 1 3 7 4 0 2 : 82
 1 2 0 3 6 4 5 7 : 83
 6 2 1 4 3 7 0 5 : 84
 2 5 1 7 4 3 0 6 : 85
 7 6 5 4 3 2 1 0 : 86
 3 2 6 7 4 5 1 0 : 87
 4 5 2 3 7 6 1 0 : 88
 0 6 2 5 1 7 4 3 : 89
 5 2 7 1 0 6 4 3 : 90
 1 7 6 0 5 2 4 3 : 91
 6 5 3 1 0 2 7 4 : 92
 2 6 4 1 0 5 3 7 : 93
 7 0 3 5 1 6 2 4 : 94
 3 0 4 6 1 2 5 7 : 95
 4 0 7 2 1 5 6 3 : 96
 0 3 6 4 5 7 1 2 : 97
 5 3 2 4 1 6 0 7 : 98
 1 3 7 4 0 2 5 6 : 99
 6 4 5 7 1 2 0 3 : 100
 2 7 6 3 1 5 0 4 : 101
 7 4 0 2 5 6 1 3 : 102
 3 7 0 5 6 2 1 4 : 103
 4 3 0 6 2 5 1 7 : 104
 0 4 2 7 6 3 1 5 : 105
 5 4 7 6 2 3 0 1 : 106
 1 4 6 2 7 3 5 0 : 107
 6 7 3 2 5 4 0 1 : 108
 2 3 4 5 6 7 0 1 : 109
 7 2 3 6 0 4 1 5 : 110
 3 5 4 2 0 7 1 6 : 111
 4 6 7 5 0 3 1 2 : 112
 0 1 6 7 3 2 5 4 : 113
 5 0 2 6 3 7 1 4 : 114
 1 5 7 2 3 6 0 4 : 115
 6 0 5 2 4 3 1 7 : 116
 2 0 6 5 7 4 1 3 : 117
 7 1 0 6 4 3 5 2 : 118
 3 1 0 2 7 4 6 5 : 119
 4 1 0 5 3 7 2 6 : 120
 0 2 3 1 4 7 5 6 : 121
 5 7 3 0 4 6 1 2 : 122
 1 6 3 5 4 2 0 7 : 123
 6 3 4 0 7 2 1 5 : 124
 2 4 7 0 3 5 1 6 : 125
 7 3 4 1 2 6 5 0 : 126
 3 4 7 1 5 2 6 0 : 127
 4 7 3 1 6 5 2 0 : 128
 0 5 4 1 7 3 6 2 : 129
 5 1 4 0 6 3 2 7 : 130
 1 0 4 5 2 3 7 6 : 131
 6 1 7 0 2 4 5 3 : 132
 2 1 3 0 5 7 6 4 : 133
 7 5 2 1 6 4 0 3 : 134
 3 6 5 1 2 7 0 4 : 135
 4 2 6 1 5 3 0 7 : 136
 0 7 4 2 6 1 5 3 : 137
 5 6 4 7 2 0 1 3 : 138
 1 2 4 6 7 5 0 3 : 139
 6 2 7 3 5 0 1 4 : 140
 2 5 3 4 6 0 1 7 : 141
 7 6 2 3 0 1 5 4 : 142
 3 2 5 4 0 1 6 7 : 143
 4 5 6 7 0 1 2 3 : 144
 0 6 7 1 3 4 2 5 : 145
 5 2 6 0 3 4 7 1 : 146
 1 7 2 5 3 4 6 0 : 147
 6 5 2 0 4 7 3 1 : 148
 2 6 5 0 7 3 4 1 : 149
 7 0 6 1 4 2 3 5 : 150
 3 0 2 1 7 5 4 6 : 151
 4 0 5 1 3 6 7 2 : 152
 0 3 7 5 2 1 6 4 : 153
 5 3 6 1 7 0 2 4 : 154
 1 3 2 0 6 5 7 4 : 155
 6 4 2 1 3 0 5 7 : 156
 2 7 5 1 4 0 6 3 : 157
 7 4 6 5 3 1 0 2 : 158
 3 7 2 6 4 1 0 5 : 159
 4 3 5 2 7 1 0 6 : 160
 0 4 3 6 5 1 2 7 : 161
 5 4 3 2 1 0 7 6 : 162
 1 4 3 7 0 5 6 2 : 163
 6 7 4 5 1 0 3 2 : 164
 2 3 7 6 1 0 4 5 : 165
 7 2 4 0 5 1 3 6 : 166
 3 5 7 0 6 1 4 2 : 167
 4 6 3 0 2 1 7 5 : 168
 0 1 3 4 6 2 5 7 : 169
 5 0 3 4 2 7 1 6 : 170
 1 5 3 4 7 6 0 2 : 171
 6 0 4 7 5 3 1 2 : 172
 2 0 7 3 6 4 1 5 : 173
 7 1 4 2 0 3 5 6 : 174
 3 1 7 5 0 4 6 2 : 175
 4 1 3 6 0 7 2 5 : 176
 0 2 4 6 3 7 5 1 : 177
 5 7 4 2 3 6 1 0 : 178
 1 6 4 7 3 2 0 5 : 179
 6 3 7 5 4 2 1 0 : 180
 2 4 3 6 7 5 1 0 : 181
 7 3 2 0 4 6 5 1 : 182
 3 4 5 0 7 2 6 1 : 183
 4 7 6 0 3 5 2 1 : 184
 0 5 7 2 4 3 6 1 : 185
 5 1 6 7 4 3 2 0 : 186
 1 0 2 6 4 3 7 5 : 187
 6 1 2 3 7 4 5 0 : 188
 2 1 5 4 3 7 6 0 : 189
 7 5 6 3 2 4 0 1 : 190
 3 6 2 4 5 7 0 1 : 191
 4 2 5 7 6 3 0 1 : 192
 0 7 6 3 4 1 5 2 : 193
 5 6 2 3 4 0 1 7 : 194
 1 2 7 3 4 5 0 6 : 195
 6 2 5 4 7 0 1 3 : 196
 2 5 6 7 3 0 1 4 : 197
 7 6 0 4 2 1 5 3 : 198
 3 2 0 7 5 1 6 4 : 199
 4 5 0 3 6 1 2 7 : 200
 0 6 3 5 7 4 2 1 : 201
 5 2 3 1 6 4 7 0 : 202
 1 7 3 0 2 4 6 5 : 203
 6 5 4 1 2 7 3 0 : 204
 2 6 7 1 5 3 4 0 : 205
 7 0 4 5 6 2 3 1 : 206
 3 0 7 6 2 5 4 1 : 207
 4 0 3 2 5 6 7 1 : 208
 0 3 2 4 7 1 6 5 : 209
 5 3 7 4 6 0 2 1 : 210
 1 3 6 4 2 5 7 0 : 211
 6 4 3 7 2 0 5 1 : 212
 2 7 4 3 5 0 6 1 : 213
 7 4 3 2 6 1 0 5 : 214
 3 7 4 5 2 1 0 6 : 215
 4 3 7 6 5 1 0 2 : 216
 0 4 5 7 3 1 2 6 : 217
 5 4 1 6 3 0 7 2 : 218
 1 4 0 2 3 5 6 7 : 219
 6 7 1 2 4 0 3 5 : 220
 2 3 1 5 7 0 4 6 : 221
 7 2 5 6 4 1 3 0 : 222
 3 5 6 2 7 1 4 0 : 223
 4 6 2 5 3 1 7 0 : 224
 0 1 4 7 2 5 6 3 : 225
 5 0 4 6 7 1 2 3 : 226
 1 5 4 2 6 0 7 3 : 227
 6 0 7 2 3 1 5 4 : 228
 2 0 3 5 4 1 6 7 : 229
 7 1 2 6 3 5 0 4 : 230
 3 1 5 2 4 6 0 7 : 231
 4 1 6 5 7 2 0 3 : 232
 0 2 6 1 7 5 3 4 : 233
 5 7 2 0 6 1 3 4 : 234
 1 6 7 5 2 0 3 4 : 235
 6 3 5 0 2 1 4 7 : 236
 2 4 6 0 5 1 7 3 : 237
 7 3 0 1 6 5 4 2 : 238
 3 4 0 1 2 6 7 5 : 239
 4 7 0 1 5 2 3 6 : 240
 0 5 2 1 3 6 4 7 : 241
 5 1 7 0 3 2 4 6 : 242
 1 0 6 5 3 7 4 2 : 243
 6 1 3 0 4 5 7 2 : 244
 2 1 4 0 7 6 3 5 : 245
 7 5 3 1 4 0 2 6 : 246
 3 6 4 1 7 0 5 2 : 247
 4 2 7 1 3 0 6 5 : 248
 0 7 3 2 1 5 4 6 : 249
 5 6 3 7 0 1 4 2 : 250
 1 2 3 6 5 0 4 7 : 251
 6 2 4 3 0 1 7 5 : 252
 2 5 7 4 0 1 3 6 : 253
 7 6 4 3 1 5 2 0 : 254
 3 2 7 4 1 6 5 0 : 255
 4 5 3 7 1 2 6 0 : 256
 0 6 5 1 4 2 7 3 : 257
 5 2 1 0 4 7 6 3 : 258
 1 7 0 5 4 6 2 3 : 259
 6 5 1 0 7 3 2 4 : 260
 2 6 1 0 3 4 5 7 : 261
 7 0 5 1 2 3 6 4 : 262
 3 0 6 1 5 4 2 7 : 263
 4 0 2 1 6 7 5 3 : 264
 0 3 4 5 1 6 7 2 : 265
 5 3 4 1 0 2 6 7 : 266
 1 3 4 0 5 7 2 6 : 267
 6 4 7 1 0 5 2 3 : 268
 2 7 3 1 0 6 5 4 : 269
 7 4 2 5 1 0 6 3 : 270
 3 7 5 6 1 0 2 4 : 271
 4 3 6 2 1 0 5 7 : 272
 0 4 7 6 1 2 3 5 : 273
 5 4 6 2 0 7 3 1 : 274
 1 4 2 7 5 6 3 0 : 275
 6 7 2 5 0 3 4 1 : 276
 2 3 5 6 0 4 7 1 : 277
 7 2 6 0 1 3 4 5 : 278
 3 5 2 0 1 4 7 6 : 279
 4 6 5 0 1 7 3 2 : 280
 0 1 7 3 5 6 2 4 : 281
 5 0 6 3 1 2 7 4 : 282
 1 5 2 3 0 7 6 4 : 283
 6 0 2 4 1 5 3 7 : 284
 2 0 5 7 1 6 4 3 : 285
 7 1 6 4 5 0 3 2 : 286
 3 1 2 7 6 0 4 5 : 287
 4 1 5 3 2 0 7 6 : 288
 0 2 1 4 5 3 7 6 : 289
 5 7 0 4 1 3 6 2 : 290
 1 6 5 4 0 3 2 7 : 291
 6 3 0 7 1 4 2 5 : 292
 2 4 0 3 1 7 5 6 : 293
 7 3 1 2 5 4 6 0 : 294
 3 4 1 5 6 7 2 0 : 295
 4 7 1 6 2 3 5 0 : 296
 0 5 1 7 6 4 3 2 : 297
 5 1 0 6 2 4 3 7 : 298
 1 0 5 2 7 4 3 6 : 299
 6 1 0 2 5 7 4 3 : 300
 2 1 0 5 6 3 7 4 : 301
 7 5 1 6 0 2 4 3 : 302
 3 6 1 2 0 5 7 4 : 303
 4 2 1 5 0 6 3 7 : 304
 0 7 2 6 5 4 1 3 : 305
 5 6 7 2 1 4 0 3 : 306
 1 2 6 7 0 4 5 3 : 307
 6 2 3 5 1 7 0 4 : 308
 2 5 4 6 1 3 0 7 : 309
 7 6 3 0 5 2 1 4 : 310
 3 2 4 0 6 5 1 7 : 311
 4 5 7 0 2 6 1 3 : 312
 0 6 1 3 2 7 4 5 : 313
 5 2 0 3 7 6 4 1 : 314
 1 7 5 3 6 2 4 0 : 315
 6 5 0 4 3 2 7 1 : 316
 2 6 0 7 4 5 3 1 : 317
 7 0 1 4 3 6 2 5 : 318
 3 0 1 7 4 2 5 6 : 319
 4 0 1 3 7 5 6 2 : 320
 0 3 5 2 6 7 1 4 : 321
 5 3 1 7 2 6 0 4 : 322
 1 3 0 6 7 2 5 4 : 323
 6 4 1 3 5 2 0 7 : 324
 2 7 1 4 6 5 0 3 : 325
 7 4 5 3 0 6 1 2 : 326
 3 7 6 4 0 2 1 5 : 327
 4 3 2 7 0 5 1 6 : 328
 0 4 6 5 2 3 1 7 : 329
 5 4 2 1 7 3 0 6 : 330
 1 4 7 0 6 3 5 2 : 331
 6 7 5 1 3 4 0 2 : 332
 2 3 6 1 4 7 0 5 : 333
 7 2 0 5 3 4 1 6 : 334
 3 5 0 6 4 7 1 2 : 335
 4 6 0 2 7 3 1 5 : 336
 0 1 3 2 7 4 5 6 : 337
 5 0 3 7 6 4 1 2 : 338
 1 5 3 6 2 4 0 7 : 339
 6 0 4 3 2 7 1 5 : 340
 2 0 7 4 5 3 1 6 : 341
 7 1 4 3 6 2 5 0 : 342
 3 1 7 4 2 5 6 0 : 343
 4 1 3 7 5 6 2 0 : 344
 0 2 4 7 1 6 5 3 : 345
 5 7 4 6 0 2 1 3 : 346
 1 6 4 2 5 7 0 3 : 347
 6 3 7 2 0 5 1 4 : 348
 2 4 3 5 0 6 1 7 : 349
 7 3 2 6 1 0 5 4 : 350
 3 4 5 2 1 0 6 7 : 351
 4 7 6 5 1 0 2 3 : 352
 0 5 7 3 1 2 6 4 : 353
 5 1 6 3 0 7 2 4 : 354
 1 0 2 3 5 6 7 4 : 355
 6 1 2 4 0 3 5 7 : 356
 2 1 5 7 0 4 6 3 : 357
 7 5 6 4 1 3 0 2 : 358
 3 6 2 7 1 4 0 5 : 359
 4 2 5 3 1 7 0 6 : 360
 0 7 6 1 2 3 5 4 : 361
 5 6 2 0 7 3 1 4 : 362
 1 2 7 5 6 3 0 4 : 363
 6 2 5 0 3 4 1 7 : 364
 2 5 6 0 4 7 1 3 : 365
 7 6 0 1 3 4 5 2 : 366
 3 2 0 1 4 7 6 5 : 367
 4 5 0 1 7 3 2 6 : 368
 0 6 3 4 1 5 2 7 : 369
 5 2 3 4 0 1 7 6 : 370
 1 7 3 4 5 0 6 2 : 371
 6 5 4 7 0 1 3 2 : 372
 2 6 7 3 0 1 4 5 : 373
 7 0 4 2 1 5 3 6 : 374
 3 0 7 5 1 6 4 2 : 375
 4 0 3 6 1 2 7 5 : 376
 0 3 2 1 5 4 6 7 : 377
 5 3 7 0 1 4 2 6 : 378
 1 3 6 5 0 4 7 2 : 379
 6 4 3 0 1 7 5 2 : 380
 2 7 4 0 1 3 6 5 : 381
 7 4 3 1 5 2 0 6 : 382
 3 7 4 1 6 5 0 2 : 383
 4 3 7 1 2 6 0 5 : 384
 0 4 5 1 6 7 2 3 : 385
 5 4 1 0 2 6 7 3 : 386
 1 4 0 5 7 2 6 3 : 387
 6 7 1 0 5 2 3 4 : 388
 2 3 1 0 6 5 4 7 : 389
 7 2 5 1 0 6 3 4 : 390
 3 5 6 1 0 2 4 7 : 391
 4 6 2 1 0 5 7 3 : 392
 0 1 4 5 3 7 6 2 : 393
 5 0 4 1 3 6 2 7 : 394
 1 5 4 0 3 2 7 6 : 395
 6 0 7 1 4 2 5 3 : 396
 2 0 3 1 7 5 6 4 : 397
 7 1 2 5 4 6 0 3 : 398
 3 1 5 6 7 2 0 4 : 399
 4 1 6 2 3 5 0 7 : 400
 0 2 6 5 4 1 3 7 : 401
 5 7 2 1 4 0 3 6 : 402
 1 6 7 0 4 5 3 2 : 403
 6 3 5 1 7 0 4 2 : 404
 2 4 6 1 3 0 7 5 : 405
 7 3 0 5 2 1 4 6 : 406
 3 4 0 6 5 1 7 2 : 407
 4 7 0 2 6 1 3 5 : 408
 0 5 2 6 7 1 4 3 : 409
 5 1 7 2 6 0 4 3 : 410
 1 0 6 7 2 5 4 3 : 411
 6 1 3 5 2 0 7 4 : 412
 2 1 4 6 5 0 3 7 : 413
 7 5 3 0 6 1 2 4 : 414
 3 6 4 0 2 1 5 7 : 415
 4 2 7 0 5 1 6 3 : 416
 0 7 3 5 6 2 4 1 : 417
 5 6 3 1 2 7 4 0 : 418
 1 2 3 0 7 6 4 5 : 419
 6 2 4 1 5 3 7 0 : 420
 2 5 7 1 6 4 3 0 : 421
 7 6 4 5 0 3 2 1 : 422
 3 2 7 6 0 4 5 1 : 423
 4 5 3 2 0 7 6 1 : 424
 0 6 5 2 3 1 7 4 : 425
 5 2 1 7 3 0 6 4 : 426
 1 7 0 6 3 5 2 4 : 427
 6 5 1 3 4 0 2 7 : 428
 2 6 1 4 7 0 5 3 : 429
 7 0 5 3 4 1 6 2 : 430
 3 0 6 4 7 1 2 5 : 431
 4 0 2 7 3 1 5 6 : 432
 0 3 4 6 2 5 7 1 : 433
 5 3 4 2 7 1 6 0 : 434
 1 3 4 7 6 0 2 5 : 435
 6 4 7 5 3 1 2 0 : 436
 2 7 3 6 4 1 5 0 : 437
 7 4 2 0 3 5 6 1 : 438
 3 7 5 0 4 6 2 1 : 439
 4 3 6 0 7 2 5 1 : 440
 0 4 7 2 5 6 3 1 : 441
 5 4 6 7 1 2 3 0 : 442
 1 4 2 6 0 7 3 5 : 443
 6 7 2 3 1 5 4 0 : 444
 2 3 5 4 1 6 7 0 : 445
 7 2 6 3 5 0 4 1 : 446
 3 5 2 4 6 0 7 1 : 447
 4 6 5 7 2 0 3 1 : 448
 0 1 7 6 4 3 2 5 : 449
 5 0 6 2 4 3 7 1 : 450
 1 5 2 7 4 3 6 0 : 451
 6 0 2 5 7 4 3 1 : 452
 2 0 5 6 3 7 4 1 : 453
 7 1 6 0 2 4 3 5 : 454
 3 1 2 0 5 7 4 6 : 455
 4 1 5 0 6 3 7 2 : 456
 0 2 1 3 6 4 7 5 : 457
 5 7 0 3 2 4 6 1 : 458
 1 6 5 3 7 4 2 0 : 459
 6 3 0 4 5 7 2 1 : 460
 2 4 0 7 6 3 5 1 : 461
 7 3 1 4 0 2 6 5 : 462
 3 4 1 7 0 5 2 6 : 463
 4 7 1 3 0 6 5 2 : 464
 0 5 1 4 2 7 3 6 : 465
 5 1 0 4 7 6 3 2 : 466
 1 0 5 4 6 2 3 7 : 467
 6 1 0 7 3 2 4 5 : 468
 2 1 0 3 4 5 7 6 : 469
 7 5 1 2 3 6 4 0 : 470
 3 6 1 5 4 2 7 0 : 471
 4 2 1 6 7 5 3 0 : 472
 0 7 2 4 3 6 1 5 : 473
 5 6 7 4 3 2 0 1 : 474
 1 2 6 4 3 7 5 0 : 475
 6 2 3 7 4 5 0 1 : 476
 2 5 4 3 7 6 0 1 : 477
 7 6 3 2 4 0 1 5 : 478
 3 2 4 5 7 0 1 6 : 479
 4 5 7 6 3 0 1 2 : 480
 0 6 1 7 5 3 4 2 : 481
 5 2 0 6 1 3 4 7 : 482
 1 7 5 2 0 3 4 6 : 483
 6 5 0 2 1 4 7 3 : 484
 2 6 0 5 1 7 3 4 : 485
 7 0 1 6 5 4 2 3 : 486
 3 0 1 2 6 7 5 4 : 487
 4 0 1 5 2 3 6 7 : 488
 0 3 5 7 4 2 1 6 : 489
 5 3 1 6 4 7 0 2 : 490
 1 3 0 2 4 6 5 7 : 491
 6 4 1 2 7 3 0 5 : 492
 2 7 1 5 3 4 0 6 : 493
 7 4 5 6 2 3 1 0 : 494
 3 7 6 2 5 4 1 0 : 495
 4 3 2 5 6 7 1 0 : 496
 0 4 6 3 7 5 1 2 : 497
 5 4 2 3 6 1 0 7 : 498
 1 4 7 3 2 0 5 6 : 499
 6 7 5 4 2 1 0 3 : 500
 2 3 6 7 5 1 0 4 : 501
 7 2 0 4 6 5 1 3 : 502
 3 5 0 7 2 6 1 4 : 503
 4 6 0 3 5 2 1 7 : 504
 0 1 2 7 3 5 4 6 : 505
 5 0 7 6 3 1 4 2 : 506
 1 5 6 2 3 0 4 7 : 507
 6 0 3 2 4 1 7 5 : 508
 2 0 4 5 7 1 3 6 : 509
 7 1 3 6 4 5 2 0 : 510
 3 1 4 2 7 6 5 0 : 511
 4 1 7 5 3 2 6 0 : 512
 0 2 7 1 4 5 6 3 : 513
 5 7 6 0 4 1 2 3 : 514
 1 6 2 5 4 0 7 3 : 515
 6 3 2 0 7 1 5 4 : 516
 2 4 5 0 3 1 6 7 : 517
 7 3 6 1 2 5 0 4 : 518
 3 4 2 1 5 6 0 7 : 519
 4 7 5 1 6 2 0 3 : 520
 0 5 3 1 7 6 2 4 : 521
 5 1 3 0 6 2 7 4 : 522
 1 0 3 5 2 7 6 4 : 523
 6 1 4 0 2 5 3 7 : 524
 2 1 7 0 5 6 4 3 : 525
 7 5 4 1 6 0 3 2 : 526
 3 6 7 1 2 0 4 5 : 527
 4 2 3 1 5 0 7 6 : 528
 0 7 1 2 6 5 3 4 : 529
 5 6 0 7 2 1 3 4 : 530
 1 2 5 6 7 0 3 4 : 531
 6 2 0 3 5 1 4 7 : 532
 2 5 0 4 6 1 7 3 : 533
 7 6 1 3 0 5 4 2 : 534
 3 2 1 4 0 6 7 5 : 535
 4 5 1 7 0 2 3 6 : 536
 0 6 4 1 3 2 5 7 : 537
 5 2 4 0 3 7 1 6 : 538
 1 7 4 5 3 6 0 2 : 539
 6 5 7 0 4 3 1 2 : 540
 2 6 3 0 7 4 1 5 : 541
 7 0 2 1 4 3 5 6 : 542
 3 0 5 1 7 4 6 2 : 543
 4 0 6 1 3 7 2 5 : 544
 0 3 1 5 2 6 4 7 : 545
 5 3 0 1 7 2 4 6 : 546
 1 3 5 0 6 7 4 2 : 547
 6 4 0 1 3 5 7 2 : 548
 2 7 0 1 4 6 3 5 : 549
 7 4 1 5 3 0 2 6 : 550
 3 7 1 6 4 0 5 2 : 551
 4 3 1 2 7 0 6 5 : 552
 0 4 1 6 5 2 7 3 : 553
 5 4 0 2 1 7 6 3 : 554
 1 4 5 7 0 6 2 3 : 555
 6 7 0 5 1 3 2 4 : 556
 2 3 0 6 1 4 5 7 : 557
 7 2 1 0 5 3 6 4 : 558
 3 5 1 0 6 4 2 7 : 559
 4 6 1 0 2 7 5 3 : 560
 0 1 5 3 4 6 7 2 : 561
 5 0 1 3 4 2 6 7 : 562
 1 5 0 3 4 7 2 6 : 563
 6 0 1 4 7 5 2 3 : 564
 2 0 1 7 3 6 5 4 : 565
 7 1 5 4 2 0 6 3 : 566
 3 1 6 7 5 0 2 4 : 567
 4 1 2 3 6 0 5 7 : 568
 0 2 5 4 6 3 1 7 : 569
 5 7 1 4 2 3 0 6 : 570
 1 6 0 4 7 3 5 2 : 571
 6 3 1 7 5 4 0 2 : 572
 2 4 1 3 6 7 0 5 : 573
 7 3 5 2 0 4 1 6 : 574
 3 4 6 5 0 7 1 2 : 575
 4 7 2 6 0 3 1 5 : 576
 0 5 6 7 2 4 1 3 : 577
 5 1 2 6 7 4 0 3 : 578
 1 0 7 2 6 4 5 3 : 579
 6 1 5 2 3 7 0 4 : 580
 2 1 6 5 4 3 0 7 : 581
 7 5 0 6 3 2 1 4 : 582
 3 6 0 2 4 5 1 7 : 583
 4 2 0 5 7 6 1 3 : 584
 0 7 5 6 3 4 2 1 : 585
 5 6 1 2 3 4 7 0 : 586
 1 2 0 7 3 4 6 5 : 587
 6 2 1 5 4 7 3 0 : 588
 2 5 1 6 7 3 4 0 : 589
 7 6 5 0 4 2 3 1 : 590
 3 2 6 0 7 5 4 1 : 591
 4 5 2 0 3 6 7 1 : 592
 0 6 2 3 5 7 1 4 : 593
 5 2 7 3 1 6 0 4 : 594
 1 7 6 3 0 2 5 4 : 595
 6 5 3 4 1 2 0 7 : 596
 2 6 4 7 1 5 0 3 : 597
 7 0 3 4 5 6 1 2 : 598
 3 0 4 7 6 2 1 5 : 599
 4 0 7 3 2 5 1 6 : 600
 0 3 6 2 4 7 5 1 : 601
 5 3 2 7 4 6 1 0 : 602
 1 3 7 6 4 2 0 5 : 603
 6 4 5 3 7 2 1 0 : 604
 2 7 6 4 3 5 1 0 : 605
 7 4 0 3 2 6 5 1 : 606
 3 7 0 4 5 2 6 1 : 607
 4 3 0 7 6 5 2 1 : 608
 0 4 2 5 7 3 6 1 : 609
 5 4 7 1 6 3 2 0 : 610
 1 4 6 0 2 3 7 5 : 611
 6 7 3 1 2 4 5 0 : 612
 2 3 4 1 5 7 6 0 : 613
 7 2 3 5 6 4 0 1 : 614
 3 5 4 6 2 7 0 1 : 615
 4 6 7 2 5 3 0 1 : 616
 0 1 6 4 7 2 3 5 : 617
 5 0 2 4 6 7 3 1 : 618
 1 5 7 4 2 6 3 0 : 619
 6 0 5 7 2 3 4 1 : 620
 2 0 6 3 5 4 7 1 : 621
 7 1 0 2 6 3 4 5 : 622
 3 1 0 5 2 4 7 6 : 623
 4 1 0 6 5 7 3 2 : 624
 0 2 3 6 1 7 4 5 : 625
 5 7 3 2 0 6 4 1 : 626
 1 6 3 7 5 2 4 0 : 627
 6 3 4 5 0 2 7 1 : 628
 2 4 7 6 0 5 3 1 : 629
 7 3 4 0 1 6 2 5 : 630
 3 4 7 0 1 2 5 6 : 631
 4 7 3 0 1 5 6 2 : 632
 0 5 4 2 1 3 7 6 : 633
 5 1 4 7 0 3 6 2 : 634
 1 0 4 6 5 3 2 7 : 635
 6 1 7 3 0 4 2 5 : 636
 2 1 3 4 0 7 5 6 : 637
 7 5 2 3 1 4 6 0 : 638
 3 6 5 4 1 7 2 0 : 639
 4 2 6 7 1 3 5 0 : 640
 0 7 4 3 2 1 6 5 : 641
 5 6 4 3 7 0 2 1 : 642
 1 2 4 3 6 5 7 0 : 643
 6 2 7 4 3 0 5 1 : 644
 2 5 3 7 4 0 6 1 : 645
 7 6 2 4 3 1 0 5 : 646
 3 2 5 7 4 1 0 6 : 647
 4 5 6 3 7 1 0 2 : 648
 0 6 7 5 1 4 3 2 : 649
 5 2 6 1 0 4 3 7 : 650
 1 7 2 0 5 4 3 6 : 651
 6 5 2 1 0 7 4 3 : 652
 2 6 5 1 0 3 7 4 : 653
 7 0 6 5 1 2 4 3 : 654
 3 0 2 6 1 5 7 4 : 655
 4 0 5 2 1 6 3 7 : 656
 0 3 7 4 5 1 2 6 : 657
 5 3 6 4 1 0 7 2 : 658
 1 3 2 4 0 5 6 7 : 659
 6 4 2 7 1 0 3 5 : 660
 2 7 5 3 1 0 4 6 : 661
 7 4 6 2 5 1 3 0 : 662
 3 7 2 5 6 1 4 0 : 663
 4 3 5 6 2 1 7 0 : 664
 0 4 3 7 6 1 5 2 : 665
 5 4 3 6 2 0 1 7 : 666
 1 4 3 2 7 5 0 6 : 667
 6 7 4 2 5 0 1 3 : 668
 2 3 7 5 6 0 1 4 : 669
 7 2 4 6 0 1 5 3 : 670
 3 5 7 2 0 1 6 4 : 671
 4 6 3 5 0 1 2 7 : 672
 0 1 3 5 4 6 2 7 : 673
 5 0 3 1 4 2 7 6 : 674
 1 5 3 0 4 7 6 2 : 675
 6 0 4 1 7 5 3 2 : 676
 2 0 7 1 3 6 4 5 : 677
 7 1 4 5 2 0 3 6 : 678
 3 1 7 6 5 0 4 2 : 679
 4 1 3 2 6 0 7 5 : 680
 0 2 4 5 6 3 7 1 : 681
 5 7 4 1 2 3 6 0 : 682
 1 6 4 0 7 3 2 5 : 683
 6 3 7 1 5 4 2 0 : 684
 2 4 3 1 6 7 5 0 : 685
 7 3 2 5 0 4 6 1 : 686
 3 4 5 6 0 7 2 1 : 687
 4 7 6 2 0 3 5 1 : 688
 0 5 7 6 2 4 3 1 : 689
 5 1 6 2 7 4 3 0 : 690
 1 0 2 7 6 4 3 5 : 691
 6 1 2 5 3 7 4 0 : 692
 2 1 5 6 4 3 7 0 : 693
 7 5 6 0 3 2 4 1 : 694
 3 6 2 0 4 5 7 1 : 695
 4 2 5 0 7 6 3 1 : 696
 0 7 6 5 3 4 1 2 : 697
 5 6 2 1 3 4 0 7 : 698
 1 2 7 0 3 4 5 6 : 699
 6 2 5 1 4 7 0 3 : 700
 2 5 6 1 7 3 0 4 : 701
 7 6 0 5 4 2 1 3 : 702
 3 2 0 6 7 5 1 4 : 703
 4 5 0 2 3 6 1 7 : 704
 0 6 3 2 5 7 4 1 : 705
 5 2 3 7 1 6 4 0 : 706
 1 7 3 6 0 2 4 5 : 707
 6 5 4 3 1 2 7 0 : 708
 2 6 7 4 1 5 3 0 : 709
 7 0 4 3 5 6 2 1 : 710
 3 0 7 4 6 2 5 1 : 711
 4 0 3 7 2 5 6 1 : 712
 0 3 2 6 4 7 1 5 : 713
 5 3 7 2 4 6 0 1 : 714
 1 3 6 7 4 2 5 0 : 715
 6 4 3 5 7 2 0 1 : 716
 2 7 4 6 3 5 0 1 : 717
 7 4 3 0 2 6 1 5 : 718
 3 7 4 0 5 2 1 6 : 719
 4 3 7 0 6 5 1 2 : 720
 0 4 5 2 7 3 1 6 : 721
 5 4 1 7 6 3 0 2 : 722
 1 4 0 6 2 3 5 7 : 723
 6 7 1 3 2 4 0 5 : 724
 2 3 1 4 5 7 0 6 : 725
 7 2 5 3 6 4 1 0 : 726
 3 5 6 4 2 7 1 0 : 727
 4 6 2 7 5 3 1 0 : 728
 0 1 4 6 7 2 5 3 : 729
 5 0 4 2 6 7 1 3 : 730
 1 5 4 7 2 6 0 3 : 731
 6 0 7 5 2 3 1 4 : 732
 2 0 3 6 5 4 1 7 : 733
 7 1 2 0 6 3 5 4 : 734
 3 1 5 0 2 4 6 7 : 735
 4 1 6 0 5 7 2 3 : 736
 0 2 6 3 1 7 5 4 : 737
 5 7 2 3 0 6 1 4 : 738
 1 6 7 3 5 2 0 4 : 739
 6 3 5 4 0 2 1 7 : 740
 2 4 6 7 0 5 1 3 : 741
 7 3 0 4 1 6 5 2 : 742
 3 4 0 7 1 2 6 5 : 743
 4 7 0 3 1 5 2 6 : 744
 0 5 2 4 1 3 6 7 : 745
 5 1 7 4 0 3 2 6 : 746
 1 0 6 4 5 3 7 2 : 747
 6 1 3 7 0 4 5 2 : 748
 2 1 4 3 0 7 6 5 : 749
 7 5 3 2 1 4 0 6 : 750
 3 6 4 5 1 7 0 2 : 751
 4 2 7 6 1 3 0 5 : 752
 0 7 3 4 2 1 5 6 : 753
 5 6 3 4 7 0 1 2 : 754
 1 2 3 4 6 5 0 7 : 755
 6 2 4 7 3 0 1 5 : 756
 2 5 7 3 4 0 1 6 : 757
 7 6 4 2 3 1 5 0 : 758
 3 2 7 5 4 1 6 0 : 759
 4 5 3 6 7 1 2 0 : 760
 0 6 5 7 1 4 2 3 : 761
 5 2 1 6 0 4 7 3 : 762
 1 7 0 2 5 4 6 3 : 763
 6 5 1 2 0 7 3 4 : 764
 2 6 1 5 0 3 4 7 : 765
 7 0 5 6 1 2 3 4 : 766
 3 0 6 2 1 5 4 7 : 767
 4 0 2 5 1 6 7 3 : 768
 0 3 4 7 5 1 6 2 : 769
 5 3 4 6 1 0 2 7 : 770
 1 3 4 2 0 5 7 6 : 771
 6 4 7 2 1 0 5 3 : 772
 2 7 3 5 1 0 6 4 : 773
 7 4 2 6 5 1 0 3 : 774
 3 7 5 2 6 1 0 4 : 775
 4 3 6 5 2 1 0 7 : 776
 0 4 7 3 6 1 2 5 : 777
 5 4 6 3 2 0 7 1 : 778
 1 4 2 3 7 5 6 0 : 779
 6 7 2 4 5 0 3 1 : 780
 2 3 5 7 6 0 4 1 : 781
 7 2 6 4 0 1 3 5 : 782
 3 5 2 7 0 1 4 6 : 783
 4 6 5 3 0 1 7 2 : 784
 0 1 7 2 3 5 6 4 : 785
 5 0 6 7 3 1 2 4 : 786
 1 5 2 6 3 0 7 4 : 787
 6 0 2 3 4 1 5 7 : 788
 2 0 5 4 7 1 6 3 : 789
 7 1 6 3 4 5 0 2 : 790
 3 1 2 4 7 6 0 5 : 791
 4 1 5 7 3 2 0 6 : 792
 0 2 1 7 4 5 3 6 : 793
 5 7 0 6 4 1 3 2 : 794
 1 6 5 2 4 0 3 7 : 795
 6 3 0 2 7 1 4 5 : 796
 2 4 0 5 3 1 7 6 : 797
 7 3 1 6 2 5 4 0 : 798
 3 4 1 2 5 6 7 0 : 799
 4 7 1 5 6 2 3 0 : 800
 0 5 1 3 7 6 4 2 : 801
 5 1 0 3 6 2 4 7 : 802
 1 0 5 3 2 7 4 6 : 803
 6 1 0 4 2 5 7 3 : 804
 2 1 0 7 5 6 3 4 : 805
 7 5 1 4 6 0 2 3 : 806
 3 6 1 7 2 0 5 4 : 807
 4 2 1 3 5 0 6 7 : 808
 0 7 2 1 6 5 4 3 : 809
 5 6 7 0 2 1 4 3 : 810
 1 2 6 5 7 0 4 3 : 811
 6 2 3 0 5 1 7 4 : 812
 2 5 4 0 6 1 3 7 : 813
 7 6 3 1 0 5 2 4 : 814
 3 2 4 1 0 6 5 7 : 815
 4 5 7 1 0 2 6 3 : 816
 0 6 1 4 3 2 7 5 : 817
 5 2 0 4 3 7 6 1 : 818
 1 7 5 4 3 6 2 0 : 819
 6 5 0 7 4 3 2 1 : 820
 2 6 0 3 7 4 5 1 : 821
 7 0 1 2 4 3 6 5 : 822
 3 0 1 5 7 4 2 6 : 823
 4 0 1 6 3 7 5 2 : 824
 0 3 5 1 2 6 7 4 : 825
 5 3 1 0 7 2 6 4 : 826
 1 3 0 5 6 7 2 4 : 827
 6 4 1 0 3 5 2 7 : 828
 2 7 1 0 4 6 5 3 : 829
 7 4 5 1 3 0 6 2 : 830
 3 7 6 1 4 0 2 5 : 831
 4 3 2 1 7 0 5 6 : 832
 0 4 6 1 5 2 3 7 : 833
 5 4 2 0 1 7 3 6 : 834
 1 4 7 5 0 6 3 2 : 835
 6 7 5 0 1 3 4 2 : 836
 2 3 6 0 1 4 7 5 : 837
 7 2 0 1 5 3 4 6 : 838
 3 5 0 1 6 4 7 2 : 839
 4 6 0 1 2 7 3 5 : 840
 0 1 3 5 2 7 4 6 : 841
 5 0 3 1 7 6 4 2 : 842
 1 5 3 0 6 2 4 7 : 843
 6 0 4 1 3 2 7 5 : 844
 2 0 7 1 4 5 3 6 : 845
 7 1 4 5 3 6 2 0 : 846
 3 1 7 6 4 2 5 0 : 847
 4 1 3 2 7 5 6 0 : 848
 0 2 4 5 7 1 6 3 : 849
 5 7 4 1 6 0 2 3 : 850
 1 6 4 0 2 5 7 3 : 851
 6 3 7 1 2 0 5 4 : 852
 2 4 3 1 5 0 6 7 : 853
 7 3 2 5 6 1 0 4 : 854
 3 4 5 6 2 1 0 7 : 855
 4 7 6 2 5 1 0 3 : 856
 0 5 7 6 3 1 2 4 : 857
 5 1 6 2 3 0 7 4 : 858
 1 0 2 7 3 5 6 4 : 859
 6 1 2 5 4 0 3 7 : 860
 2 1 5 6 7 0 4 3 : 861
 7 5 6 0 4 1 3 2 : 862
 3 6 2 0 7 1 4 5 : 863
 4 2 5 0 3 1 7 6 : 864
 0 7 6 5 1 2 3 4 : 865
 5 6 2 1 0 7 3 4 : 866
 1 2 7 0 5 6 3 4 : 867
 6 2 5 1 0 3 4 7 : 868
 2 5 6 1 0 4 7 3 : 869
 7 6 0 5 1 3 4 2 : 870
 3 2 0 6 1 4 7 5 : 871
 4 5 0 2 1 7 3 6 : 872
 0 6 3 2 4 1 5 7 : 873
 5 2 3 7 4 0 1 6 : 874
 1 7 3 6 4 5 0 2 : 875
 6 5 4 3 7 0 1 2 : 876
 2 6 7 4 3 0 1 5 : 877
 7 0 4 3 2 1 5 6 : 878
 3 0 7 4 5 1 6 2 : 879
 4 0 3 7 6 1 2 5 : 880
 0 3 2 6 1 5 4 7 : 881
 5 3 7 2 0 1 4 6 : 882
 1 3 6 7 5 0 4 2 : 883
 6 4 3 5 0 1 7 2 : 884
 2 7 4 6 0 1 3 5 : 885
 7 4 3 0 1 5 2 6 : 886
 3 7 4 0 1 6 5 2 : 887
 4 3 7 0 1 2 6 5 : 888
 0 4 5 2 1 6 7 3 : 889
 5 4 1 7 0 2 6 3 : 890
 1 4 0 6 5 7 2 3 : 891
 6 7 1 3 0 5 2 4 : 892
 2 3 1 4 0 6 5 7 : 893
 7 2 5 3 1 0 6 4 : 894
 3 5 6 4 1 0 2 7 : 895
 4 6 2 7 1 0 5 3 : 896
 0 1 4 6 5 3 7 2 : 897
 5 0 4 2 1 3 6 7 : 898
 1 5 4 7 0 3 2 6 : 899
 6 0 7 5 1 4 2 3 : 900
 2 0 3 6 1 7 5 4 : 901
 7 1 2 0 5 4 6 3 : 902
 3 1 5 0 6 7 2 4 : 903
 4 1 6 0 2 3 5 7 : 904
 0 2 6 3 5 4 1 7 : 905
 5 7 2 3 1 4 0 6 : 906
 1 6 7 3 0 4 5 2 : 907
 6 3 5 4 1 7 0 2 : 908
 2 4 6 7 1 3 0 5 : 909
 7 3 0 4 5 2 1 6 : 910
 3 4 0 7 6 5 1 2 : 911
 4 7 0 3 2 6 1 5 : 912
 0 5 2 4 6 7 1 3 : 913
 5 1 7 4 2 6 0 3 : 914
 1 0 6 4 7 2 5 3 : 915
 6 1 3 7 5 2 0 4 : 916
 2 1 4 3 6 5 0 7 : 917
 7 5 3 2 0 6 1 4 : 918
 3 6 4 5 0 2 1 7 : 919
 4 2 7 6 0 5 1 3 : 920
 0 7 3 4 5 6 2 1 : 921
 5 6 3 4 1 2 7 0 : 922
 1 2 3 4 0 7 6 5 : 923
 6 2 4 7 1 5 3 0 : 924
 2 5 7 3 1 6 4 0 : 925
 7 6 4 2 5 0 3 1 : 926
 3 2 7 5 6 0 4 1 : 927
 4 5 3 6 2 0 7 1 : 928
 0 6 5 7 2 3 1 4 : 929
 5 2 1 6 7 3 0 4 : 930
 1 7 0 2 6 3 5 4 : 931
 6 5 1 2 3 4 0 7 : 932
 2 6 1 5 4 7 0 3 : 933
 7 0 5 6 3 4 1 2 : 934
 3 0 6 2 4 7 1 5 : 935
 4 0 2 5 7 3 1 6 : 936
 0 3 4 7 6 2 5 1 : 937
 5 3 4 6 2 7 1 0 : 938
 1 3 4 2 7 6 0 5 : 939
 6 4 7 2 5 3 1 0 : 940
 2 7 3 5 6 4 1 0 : 941
 7 4 2 6 0 3 5 1 : 942
 3 7 5 2 0 4 6 1 : 943
 4 3 6 5 0 7 2 1 : 944
 0 4 7 3 2 5 6 1 : 945
 5 4 6 3 7 1 2 0 : 946
 1 4 2 3 6 0 7 5 : 947
 6 7 2 4 3 1 5 0 : 948
 2 3 5 7 4 1 6 0 : 949
 7 2 6 4 3 5 0 1 : 950
 3 5 2 7 4 6 0 1 : 951
 4 6 5 3 7 2 0 1 : 952
 0 1 7 2 6 4 3 5 : 953
 5 0 6 7 2 4 3 1 : 954
 1 5 2 6 7 4 3 0 : 955
 6 0 2 3 5 7 4 1 : 956
 2 0 5 4 6 3 7 1 : 957
 7 1 6 3 0 2 4 5 : 958
 3 1 2 4 0 5 7 6 : 959
 4 1 5 7 0 6 3 2 : 960
 0 2 1 7 3 6 4 5 : 961
 5 7 0 6 3 2 4 1 : 962
 1 6 5 2 3 7 4 0 : 963
 6 3 0 2 4 5 7 1 : 964
 2 4 0 5 7 6 3 1 : 965
 7 3 1 6 4 0 2 5 : 966
 3 4 1 2 7 0 5 6 : 967
 4 7 1 5 3 0 6 2 : 968
 0 5 1 3 4 2 7 6 : 969
 5 1 0 3 4 7 6 2 : 970
 1 0 5 3 4 6 2 7 : 971
 6 1 0 4 7 3 2 5 : 972
 2 1 0 7 3 4 5 6 : 973
 7 5 1 4 2 3 6 0 : 974
 3 6 1 7 5 4 2 0 : 975
 4 2 1 3 6 7 5 0 : 976
 0 7 2 1 4 3 6 5 : 977
 5 6 7 0 4 3 2 1 : 978
 1 2 6 5 4 3 7 0 : 979
 6 2 3 0 7 4 5 1 : 980
 2 5 4 0 3 7 6 1 : 981
 7 6 3 1 2 4 0 5 : 982
 3 2 4 1 5 7 0 6 : 983
 4 5 7 1 6 3 0 2 : 984
 0 6 1 4 7 5 3 2 : 985
 5 2 0 4 6 1 3 7 : 986
 1 7 5 4 2 0 3 6 : 987
 6 5 0 7 2 1 4 3 : 988
 2 6 0 3 5 1 7 4 : 989
 7 0 1 2 6 5 4 3 : 990
 3 0 1 5 2 6 7 4 : 991
 4 0 1 6 5 2 3 7 : 992
 0 3 5 1 7 4 2 6 : 993
 5 3 1 0 6 4 7 2 : 994
 1 3 0 5 2 4 6 7 : 995
 6 4 1 0 2 7 3 5 : 996
 2 7 1 0 5 3 4 6 : 997
 7 4 5 1 6 2 3 0 : 998
 3 7 6 1 2 5 4 0 : 999
 4 3 2 1 5 6 7 0 : 1000
 0 4 6 1 3 7 5 2 : 1001
 5 4 2 0 3 6 1 7 : 1002
 1 4 7 5 3 2 0 6 : 1003
 6 7 5 0 4 2 1 3 : 1004
 2 3 6 0 7 5 1 4 : 1005
 7 2 0 1 4 6 5 3 : 1006
 3 5 0 1 7 2 6 4 : 1007
 4 6 0 1 3 5 2 7 : 1008
 0 1 2 7 4 6 3 5 : 1009
 5 0 7 6 4 2 3 1 : 1010
 1 5 6 2 4 7 3 0 : 1011
 6 0 3 2 7 5 4 1 : 1012
 2 0 4 5 3 6 7 1 : 1013
 7 1 3 6 2 0 4 5 : 1014
 3 1 4 2 5 0 7 6 : 1015
 4 1 7 5 6 0 3 2 : 1016
 0 2 7 1 6 3 4 5 : 1017
 5 7 6 0 2 3 4 1 : 1018
 1 6 2 5 7 3 4 0 : 1019
 6 3 2 0 5 4 7 1 : 1020
 2 4 5 0 6 7 3 1 : 1021
 7 3 6 1 0 4 2 5 : 1022
 3 4 2 1 0 7 5 6 : 1023
 4 7 5 1 0 3 6 2 : 1024
 0 5 3 1 2 4 7 6 : 1025
 5 1 3 0 7 4 6 2 : 1026
 1 0 3 5 6 4 2 7 : 1027
 6 1 4 0 3 7 2 5 : 1028
 2 1 7 0 4 3 5 6 : 1029
 7 5 4 1 3 2 6 0 : 1030
 3 6 7 1 4 5 2 0 : 1031
 4 2 3 1 7 6 5 0 : 1032
 0 7 1 2 3 4 6 5 : 1033
 5 6 0 7 3 4 2 1 : 1034
 1 2 5 6 3 4 7 0 : 1035
 6 2 0 3 4 7 5 1 : 1036
 2 5 0 4 7 3 6 1 : 1037
 7 6 1 3 4 2 0 5 : 1038
 3 2 1 4 7 5 0 6 : 1039
 4 5 1 7 3 6 0 2 : 1040
 0 6 4 1 5 7 3 2 : 1041
 5 2 4 0 1 6 3 7 : 1042
 1 7 4 5 0 2 3 6 : 1043
 6 5 7 0 1 2 4 3 : 1044
 2 6 3 0 1 5 7 4 : 1045
 7 0 2 1 5 6 4 3 : 1046
 3 0 5 1 6 2 7 4 : 1047
 4 0 6 1 2 5 3 7 : 1048
 0 3 1 5 4 7 2 6 : 1049
 5 3 0 1 4 6 7 2 : 1050
 1 3 5 0 4 2 6 7 : 1051
 6 4 0 1 7 2 3 5 : 1052
 2 7 0 1 3 5 4 6 : 1053
 7 4 1 5 2 6 3 0 : 1054
 3 7 1 6 5 2 4 0 : 1055
 4 3 1 2 6 5 7 0 : 1056
 0 4 1 6 7 3 5 2 : 1057
 5 4 0 2 6 3 1 7 : 1058
 1 4 5 7 2 3 0 6 : 1059
 6 7 0 5 2 4 1 3 : 1060
 2 3 0 6 5 7 1 4 : 1061
 7 2 1 0 6 4 5 3 : 1062
 3 5 1 0 2 7 6 4 : 1063
 4 6 1 0 5 3 2 7 : 1064
 0 1 5 3 7 2 4 6 : 1065
 5 0 1 3 6 7 4 2 : 1066
 1 5 0 3 2 6 4 7 : 1067
 6 0 1 4 2 3 7 5 : 1068
 2 0 1 7 5 4 3 6 : 1069
 7 1 5 4 6 3 2 0 : 1070
 3 1 6 7 2 4 5 0 : 1071
 4 1 2 3 5 7 6 0 : 1072
 0 2 5 4 1 7 6 3 : 1073
 5 7 1 4 0 6 2 3 : 1074
 1 6 0 4 5 2 7 3 : 1075
 6 3 1 7 0 2 5 4 : 1076
 2 4 1 3 0 5 6 7 : 1077
 7 3 5 2 1 6 0 4 : 1078
 3 4 6 5 1 2 0 7 : 1079
 4 7 2 6 1 5 0 3 : 1080
 0 5 6 7 1 3 2 4 : 1081
 5 1 2 6 0 3 7 4 : 1082
 1 0 7 2 5 3 6 4 : 1083
 6 1 5 2 0 4 3 7 : 1084
 2 1 6 5 0 7 4 3 : 1085
 7 5 0 6 1 4 3 2 : 1086
 3 6 0 2 1 7 4 5 : 1087
 4 2 0 5 1 3 7 6 : 1088
 0 7 5 6 2 1 3 4 : 1089
 5 6 1 2 7 0 3 4 : 1090
 1 2 0 7 6 5 3 4 : 1091
 6 2 1 5 3 0 4 7 : 1092
 2 5 1 6 4 0 7 3 : 1093
 7 6 5 0 3 1 4 2 : 1094
 3 2 6 0 4 1 7 5 : 1095
 4 5 2 0 7 1 3 6 : 1096
 0 6 2 3 1 4 5 7 : 1097
 5 2 7 3 0 4 1 6 : 1098
 1 7 6 3 5 4 0 2 : 1099
 6 5 3 4 0 7 1 2 : 1100
 2 6 4 7 0 3 1 5 : 1101
 7 0 3 4 1 2 5 6 : 1102
 3 0 4 7 1 5 6 2 : 1103
 4 0 7 3 1 6 2 5 : 1104
 0 3 6 2 5 1 4 7 : 1105
 5 3 2 7 1 0 4 6 : 1106
 1 3 7 6 0 5 4 2 : 1107
 6 4 5 3 1 0 7 2 : 1108
 2 7 6 4 1 0 3 5 : 1109
 7 4 0 3 5 1 2 6 : 1110
 3 7 0 4 6 1 5 2 : 1111
 4 3 0 7 2 1 6 5 : 1112
 0 4 2 5 6 1 7 3 : 1113
 5 4 7 1 2 0 6 3 : 1114
 1 4 6 0 7 5 2 3 : 1115
 6 7 3 1 5 0 2 4 : 1116
 2 3 4 1 6 0 5 7 : 1117
 7 2 3 5 0 1 6 4 : 1118
 3 5 4 6 0 1 2 7 : 1119
 4 6 7 2 0 1 5 3 : 1120
 0 1 6 4 3 5 7 2 : 1121
 5 0 2 4 3 1 6 7 : 1122
 1 5 7 4 3 0 2 6 : 1123
 6 0 5 7 4 1 2 3 : 1124
 2 0 6 3 7 1 5 4 : 1125
 7 1 0 2 4 5 6 3 : 1126
 3 1 0 5 7 6 2 4 : 1127
 4 1 0 6 3 2 5 7 : 1128
 0 2 3 6 4 5 1 7 : 1129
 5 7 3 2 4 1 0 6 : 1130
 1 6 3 7 4 0 5 2 : 1131
 6 3 4 5 7 1 0 2 : 1132
 2 4 7 6 3 1 0 5 : 1133
 7 3 4 0 2 5 1 6 : 1134
 3 4 7 0 5 6 1 2 : 1135
 4 7 3 0 6 2 1 5 : 1136
 0 5 4 2 7 6 1 3 : 1137
 5 1 4 7 6 2 0 3 : 1138
 1 0 4 6 2 7 5 3 : 1139
 6 1 7 3 2 5 0 4 : 1140
 2 1 3 4 5 6 0 7 : 1141
 7 5 2 3 6 0 1 4 : 1142
 3 6 5 4 2 0 1 7 : 1143
 4 2 6 7 5 0 1 3 : 1144
 0 7 4 3 6 5 2 1 : 1145
 5 6 4 3 2 1 7 0 : 1146
 1 2 4 3 7 0 6 5 : 1147
 6 2 7 4 5 1 3 0 : 1148
 2 5 3 7 6 1 4 0 : 1149
 7 6 2 4 0 5 3 1 : 1150
 3 2 5 7 0 6 4 1 : 1151
 4 5 6 3 0 2 7 1 : 1152
 0 6 7 5 3 2 1 4 : 1153
 5 2 6 1 3 7 0 4 : 1154
 1 7 2 0 3 6 5 4 : 1155
 6 5 2 1 4 3 0 7 : 1156
 2 6 5 1 7 4 0 3 : 1157
 7 0 6 5 4 3 1 2 : 1158
 3 0 2 6 7 4 1 5 : 1159
 4 0 5 2 3 7 1 6 : 1160
 0 3 7 4 2 6 5 1 : 1161
 5 3 6 4 7 2 1 0 : 1162
 1 3 2 4 6 7 0 5 : 1163
 6 4 2 7 3 5 1 0 : 1164
 2 7 5 3 4 6 1 0 : 1165
 7 4 6 2 3 0 5 1 : 1166
 3 7 2 5 4 0 6 1 : 1167
 4 3 5 6 7 0 2 1 : 1168
 0 4 3 7 5 2 6 1 : 1169
 5 4 3 6 1 7 2 0 : 1170
 1 4 3 2 0 6 7 5 : 1171
 6 7 4 2 1 3 5 0 : 1172
 2 3 7 5 1 4 6 0 : 1173
 7 2 4 6 5 3 0 1 : 1174
 3 5 7 2 6 4 0 1 : 1175
 4 6 3 5 2 7 0 1 : 1176
 0 1 2 5 6 7 3 4 : 1177
 5 0 7 1 2 6 3 4 : 1178
 1 5 6 0 7 2 3 4 : 1179
 6 0 3 1 5 2 4 7 : 1180
 2 0 4 1 6 5 7 3 : 1181
 7 1 3 5 0 6 4 2 : 1182
 3 1 4 6 0 2 7 5 : 1183
 4 1 7 2 0 5 3 6 : 1184
 0 2 7 5 3 1 4 6 : 1185
 5 7 6 1 3 0 4 2 : 1186
 1 6 2 0 3 5 4 7 : 1187
 6 3 2 1 4 0 7 5 : 1188
 2 4 5 1 7 0 3 6 : 1189
 7 3 6 5 4 1 2 0 : 1190
 3 4 2 6 7 1 5 0 : 1191
 4 7 5 2 3 1 6 0 : 1192
 0 5 3 6 4 1 7 2 : 1193
 5 1 3 2 4 0 6 7 : 1194
 1 0 3 7 4 5 2 6 : 1195
 6 1 4 5 7 0 2 3 : 1196
 2 1 7 6 3 0 5 4 : 1197
 7 5 4 0 2 1 6 3 : 1198
 3 6 7 0 5 1 2 4 : 1199
 4 2 3 0 6 1 5 7 : 1200
 0 7 1 5 4 2 6 3 : 1201
 5 6 0 1 4 7 2 3 : 1202
 1 2 5 0 4 6 7 3 : 1203
 6 2 0 1 7 3 5 4 : 1204
 2 5 0 1 3 4 6 7 : 1205
 7 6 1 5 2 3 0 4 : 1206
 3 2 1 6 5 4 0 7 : 1207
 4 5 1 2 6 7 0 3 : 1208
 0 6 4 2 7 1 3 5 : 1209
 5 2 4 7 6 0 3 1 : 1210
 1 7 4 6 2 5 3 0 : 1211
 6 5 7 3 2 0 4 1 : 1212
 2 6 3 4 5 0 7 1 : 1213
 7 0 2 3 6 1 4 5 : 1214
 3 0 5 4 2 1 7 6 : 1215
 4 0 6 7 5 1 3 2 : 1216
 0 3 1 6 7 5 2 4 : 1217
 5 3 0 2 6 1 7 4 : 1218
 1 3 5 7 2 0 6 4 : 1219
 6 4 0 5 2 1 3 7 : 1220
 2 7 0 6 5 1 4 3 : 1221
 7 4 1 0 6 5 3 2 : 1222
 3 7 1 0 2 6 4 5 : 1223
 4 3 1 0 5 2 7 6 : 1224
 0 4 1 2 3 6 5 7 : 1225
 5 4 0 7 3 2 1 6 : 1226
 1 4 5 6 3 7 0 2 : 1227
 6 7 0 3 4 5 1 2 : 1228
 2 3 0 4 7 6 1 5 : 1229
 7 2 1 3 4 0 5 6 : 1230
 3 5 1 4 7 0 6 2 : 1231
 4 6 1 7 3 0 2 5 : 1232
 0 1 5 6 2 3 4 7 : 1233
 5 0 1 2 7 3 4 6 : 1234
 1 5 0 7 6 3 4 2 : 1235
 6 0 1 5 3 4 7 2 : 1236
 2 0 1 6 4 7 3 5 : 1237
 7 1 5 0 3 4 2 6 : 1238
 3 1 6 0 4 7 5 2 : 1239
 4 1 2 0 7 3 6 5 : 1240
 0 2 5 3 7 4 6 1 : 1241
 5 7 1 3 6 4 2 0 : 1242
 1 6 0 3 2 4 7 5 : 1243
 6 3 1 4 2 7 5 0 : 1244
 2 4 1 7 5 3 6 0 : 1245
 7 3 5 4 6 2 0 1 : 1246
 3 4 6 7 2 5 0 1 : 1247
 4 7 2 3 5 6 0 1 : 1248
 0 5 6 4 3 7 2 1 : 1249
 5 1 2 4 3 6 7 0 : 1250
 1 0 7 4 3 2 6 5 : 1251
 6 1 5 7 4 2 3 0 : 1252
 2 1 6 3 7 5 4 0 : 1253
 7 5 0 2 4 6 3 1 : 1254
 3 6 0 5 7 2 4 1 : 1255
 4 2 0 6 3 5 7 1 : 1256
 0 7 5 4 1 6 3 2 : 1257
 5 6 1 4 0 2 3 7 : 1258
 1 2 0 4 5 7 3 6 : 1259
 6 2 1 7 0 5 4 3 : 1260
 2 5 1 3 0 6 7 4 : 1261
 7 6 5 2 1 0 4 3 : 1262
 3 2 6 5 1 0 7 4 : 1263
 4 5 2 6 1 0 3 7 : 1264
 0 6 2 7 4 3 5 1 : 1265
 5 2 7 6 4 3 1 0 : 1266
 1 7 6 2 4 3 0 5 : 1267
 6 5 3 2 7 4 1 0 : 1268
 2 6 4 5 3 7 1 0 : 1269
 7 0 3 6 2 4 5 1 : 1270
 3 0 4 2 5 7 6 1 : 1271
 4 0 7 5 6 3 2 1 : 1272
 0 3 6 7 1 2 4 5 : 1273
 5 3 2 6 0 7 4 1 : 1274
 1 3 7 2 5 6 4 0 : 1275
 6 4 5 2 0 3 7 1 : 1276
 2 7 6 5 0 4 3 1 : 1277
 7 4 0 6 1 3 2 5 : 1278
 3 7 0 2 1 4 5 6 : 1279
 4 3 0 5 1 7 6 2 : 1280
 0 4 2 3 1 5 7 6 : 1281
 5 4 7 3 0 1 6 2 : 1282
 1 4 6 3 5 0 2 7 : 1283
 6 7 3 4 0 1 2 5 : 1284
 2 3 4 7 0 1 5 6 : 1285
 7 2 3 4 1 5 6 0 : 1286
 3 5 4 7 1 6 2 0 : 1287
 4 6 7 3 1 2 5 0 : 1288
 0 1 6 2 5 4 7 3 : 1289
 5 0 2 7 1 4 6 3 : 1290
 1 5 7 6 0 4 2 3 : 1291
 6 0 5 3 1 7 2 4 : 1292
 2 0 6 4 1 3 5 7 : 1293
 7 1 0 3 5 2 6 4 : 1294
 3 1 0 4 6 5 2 7 : 1295
 4 1 0 7 2 6 5 3 : 1296
 0 2 3 7 5 6 1 4 : 1297
 5 7 3 6 1 2 0 4 : 1298
 1 6 3 2 0 7 5 4 : 1299
 6 3 4 2 1 5 0 7 : 1300
 2 4 7 5 1 6 0 3 : 1301
 7 3 4 6 5 0 1 2 : 1302
 3 4 7 2 6 0 1 5 : 1303
 4 7 3 5 2 0 1 6 : 1304
 0 5 4 3 6 2 1 7 : 1305
 5 1 4 3 2 7 0 6 : 1306
 1 0 4 3 7 6 5 2 : 1307
 6 1 7 4 5 3 0 2 : 1308
 2 1 3 7 6 4 0 5 : 1309
 7 5 2 4 0 3 1 6 : 1310
 3 6 5 7 0 4 1 2 : 1311
 4 2 6 3 0 7 1 5 : 1312
 0 7 4 1 5 3 2 6 : 1313
 5 6 4 0 1 3 7 2 : 1314
 1 2 4 5 0 3 6 7 : 1315
 6 2 7 0 1 4 3 5 : 1316
 2 5 3 0 1 7 4 6 : 1317
 7 6 2 1 5 4 3 0 : 1318
 3 2 5 1 6 7 4 0 : 1319
 4 5 6 1 2 3 7 0 : 1320
 0 6 7 4 2 5 1 3 : 1321
 5 2 6 4 7 1 0 3 : 1322
 1 7 2 4 6 0 5 3 : 1323
 6 5 2 7 3 1 0 4 : 1324
 2 6 5 3 4 1 0 7 : 1325
 7 0 6 2 3 5 1 4 : 1326
 3 0 2 5 4 6 1 7 : 1327
 4 0 5 6 7 2 1 3 : 1328
 0 3 7 1 6 4 5 2 : 1329
 5 3 6 0 2 4 1 7 : 1330
 1 3 2 5 7 4 0 6 : 1331
 6 4 2 0 5 7 1 3 : 1332
 2 7 5 0 6 3 1 4 : 1333
 7 4 6 1 0 2 5 3 : 1334
 3 7 2 1 0 5 6 4 : 1335
 4 3 5 1 0 6 2 7 : 1336
 0 4 3 1 2 7 6 5 : 1337
 5 4 3 0 7 6 2 1 : 1338
 1 4 3 5 6 2 7 0 : 1339
 6 7 4 0 3 2 5 1 : 1340
 2 3 7 0 4 5 6 1 : 1341
 7 2 4 1 3 6 0 5 : 1342
 3 5 7 1 4 2 0 6 : 1343
 4 6 3 1 7 5 0 2 : 1344
 0 1 3 7 6 5 2 4 : 1345
 5 0 3 6 2 1 7 4 : 1346
 1 5 3 2 7 0 6 4 : 1347
 6 0 4 2 5 1 3 7 : 1348
 2 0 7 5 6 1 4 3 : 1349
 7 1 4 6 0 5 3 2 : 1350
 3 1 7 2 0 6 4 5 : 1351
 4 1 3 5 0 2 7 6 : 1352
 0 2 4 1 3 5 7 6 : 1353
 5 7 4 0 3 1 6 2 : 1354
 1 6 4 5 3 0 2 7 : 1355
 6 3 7 0 4 1 2 5 : 1356
 2 4 3 0 7 1 5 6 : 1357
 7 3 2 1 4 5 6 0 : 1358
 3 4 5 1 7 6 2 0 : 1359
 4 7 6 1 3 2 5 0 : 1360
 0 5 7 1 4 6 3 2 : 1361
 5 1 6 0 4 2 3 7 : 1362
 1 0 2 5 4 7 3 6 : 1363
 6 1 2 0 7 5 4 3 : 1364
 2 1 5 0 3 6 7 4 : 1365
 7 5 6 1 2 0 4 3 : 1366
 3 6 2 1 5 0 7 4 : 1367
 4 2 5 1 6 0 3 7 : 1368
 0 7 6 2 4 5 1 3 : 1369
 5 6 2 7 4 1 0 3 : 1370
 1 2 7 6 4 0 5 3 : 1371
 6 2 5 3 7 1 0 4 : 1372
 2 5 6 4 3 1 0 7 : 1373
 7 6 0 3 2 5 1 4 : 1374
 3 2 0 4 5 6 1 7 : 1375
 4 5 0 7 6 2 1 3 : 1376
 0 6 3 1 7 2 4 5 : 1377
 5 2 3 0 6 7 4 1 : 1378
 1 7 3 5 2 6 4 0 : 1379
 6 5 4 0 2 3 7 1 : 1380
 2 6 7 0 5 4 3 1 : 1381
 7 0 4 1 6 3 2 5 : 1382
 3 0 7 1 2 4 5 6 : 1383
 4 0 3 1 5 7 6 2 : 1384
 0 3 2 5 7 6 1 4 : 1385
 5 3 7 1 6 2 0 4 : 1386
 1 3 6 0 2 7 5 4 : 1387
 6 4 3 1 2 5 0 7 : 1388
 2 7 4 1 5 6 0 3 : 1389
 7 4 3 5 6 0 1 2 : 1390
 3 7 4 6 2 0 1 5 : 1391
 4 3 7 2 5 0 1 6 : 1392
 0 4 5 6 3 2 1 7 : 1393
 5 4 1 2 3 7 0 6 : 1394
 1 4 0 7 3 6 5 2 : 1395
 6 7 1 5 4 3 0 2 : 1396
 2 3 1 6 7 4 0 5 : 1397
 7 2 5 0 4 3 1 6 : 1398
 3 5 6 0 7 4 1 2 : 1399
 4 6 2 0 3 7 1 5 : 1400
 0 1 4 3 2 6 5 7 : 1401
 5 0 4 3 7 2 1 6 : 1402
 1 5 4 3 6 7 0 2 : 1403
 6 0 7 4 3 5 1 2 : 1404
 2 0 3 7 4 6 1 5 : 1405
 7 1 2 4 3 0 5 6 : 1406
 3 1 5 7 4 0 6 2 : 1407
 4 1 6 3 7 0 2 5 : 1408
 0 2 6 4 7 3 5 1 : 1409
 5 7 2 4 6 3 1 0 : 1410
 1 6 7 4 2 3 0 5 : 1411
 6 3 5 7 2 4 1 0 : 1412
 2 4 6 3 5 7 1 0 : 1413
 7 3 0 2 6 4 5 1 : 1414
 3 4 0 5 2 7 6 1 : 1415
 4 7 0 6 5 3 2 1 : 1416
 0 5 2 7 3 4 6 1 : 1417
 5 1 7 6 3 4 2 0 : 1418
 1 0 6 2 3 4 7 5 : 1419
 6 1 3 2 4 7 5 0 : 1420
 2 1 4 5 7 3 6 0 : 1421
 7 5 3 6 4 2 0 1 : 1422
 3 6 4 2 7 5 0 1 : 1423
 4 2 7 5 3 6 0 1 : 1424
 0 7 3 6 1 4 5 2 : 1425
 5 6 3 2 0 4 1 7 : 1426
 1 2 3 7 5 4 0 6 : 1427
 6 2 4 5 0 7 1 3 : 1428
 2 5 7 6 0 3 1 4 : 1429
 7 6 4 0 1 2 5 3 : 1430
 3 2 7 0 1 5 6 4 : 1431
 4 5 3 0 1 6 2 7 : 1432
 0 6 5 3 4 7 2 1 : 1433
 5 2 1 3 4 6 7 0 : 1434
 1 7 0 3 4 2 6 5 : 1435
 6 5 1 4 7 2 3 0 : 1436
 2 6 1 7 3 5 4 0 : 1437
 7 0 5 4 2 6 3 1 : 1438
 3 0 6 7 5 2 4 1 : 1439
 4 0 2 3 6 5 7 1 : 1440
 0 3 4 2 1 7 6 5 : 1441
 5 3 4 7 0 6 2 1 : 1442
 1 3 4 6 5 2 7 0 : 1443
 6 4 7 3 0 2 5 1 : 1444
 2 7 3 4 0 5 6 1 : 1445
 7 4 2 3 1 6 0 5 : 1446
 3 7 5 4 1 2 0 6 : 1447
 4 3 6 7 1 5 0 2 : 1448
 0 4 7 5 1 3 2 6 : 1449
 5 4 6 1 0 3 7 2 : 1450
 1 4 2 0 5 3 6 7 : 1451
 6 7 2 1 0 4 3 5 : 1452
 2 3 5 1 0 7 4 6 : 1453
 7 2 6 5 1 4 3 0 : 1454
 3 5 2 6 1 7 4 0 : 1455
 4 6 5 2 1 3 7 0 : 1456
 0 1 7 4 5 2 6 3 : 1457
 5 0 6 4 1 7 2 3 : 1458
 1 5 2 4 0 6 7 3 : 1459
 6 0 2 7 1 3 5 4 : 1460
 2 0 5 3 1 4 6 7 : 1461
 7 1 6 2 5 3 0 4 : 1462
 3 1 2 5 6 4 0 7 : 1463
 4 1 5 6 2 7 0 3 : 1464
 0 2 1 6 5 7 3 4 : 1465
 5 7 0 2 1 6 3 4 : 1466
 1 6 5 7 0 2 3 4 : 1467
 6 3 0 5 1 2 4 7 : 1468
 2 4 0 6 1 5 7 3 : 1469
 7 3 1 0 5 6 4 2 : 1470
 3 4 1 0 6 2 7 5 : 1471
 4 7 1 0 2 5 3 6 : 1472
 0 5 1 2 6 3 4 7 : 1473
 5 1 0 7 2 3 4 6 : 1474
 1 0 5 6 7 3 4 2 : 1475
 6 1 0 3 5 4 7 2 : 1476
 2 1 0 4 6 7 3 5 : 1477
 7 5 1 3 0 4 2 6 : 1478
 3 6 1 4 0 7 5 2 : 1479
 4 2 1 7 0 3 6 5 : 1480
 0 7 2 3 5 1 4 6 : 1481
 5 6 7 3 1 0 4 2 : 1482
 1 2 6 3 0 5 4 7 : 1483
 6 2 3 4 1 0 7 5 : 1484
 2 5 4 7 1 0 3 6 : 1485
 7 6 3 4 5 1 2 0 : 1486
 3 2 4 7 6 1 5 0 : 1487
 4 5 7 3 2 1 6 0 : 1488
 0 6 1 5 2 4 7 3 : 1489
 5 2 0 1 7 4 6 3 : 1490
 1 7 5 0 6 4 2 3 : 1491
 6 5 0 1 3 7 2 4 : 1492
 2 6 0 1 4 3 5 7 : 1493
 7 0 1 5 3 2 6 4 : 1494
 3 0 1 6 4 5 2 7 : 1495
 4 0 1 2 7 6 5 3 : 1496
 0 3 5 4 6 1 7 2 : 1497
 5 3 1 4 2 0 6 7 : 1498
 1 3 0 4 7 5 2 6 : 1499
 6 4 1 7 5 0 2 3 : 1500
 2 7 1 3 6 0 5 4 : 1501
 7 4 5 2 0 1 6 3 : 1502
 3 7 6 5 0 1 2 4 : 1503
 4 3 2 6 0 1 5 7 : 1504
 0 4 6 7 2 1 3 5 : 1505
 5 4 2 6 7 0 3 1 : 1506
 1 4 7 2 6 5 3 0 : 1507
 6 7 5 2 3 0 4 1 : 1508
 2 3 6 5 4 0 7 1 : 1509
 7 2 0 6 3 1 4 5 : 1510
 3 5 0 2 4 1 7 6 : 1511
 4 6 0 5 7 1 3 2 : 1512
 0 1 2 6 3 4 7 5 : 1513
 5 0 7 2 3 4 6 1 : 1514
 1 5 6 7 3 4 2 0 : 1515
 6 0 3 5 4 7 2 1 : 1516
 2 0 4 6 7 3 5 1 : 1517
 7 1 3 0 4 2 6 5 : 1518
 3 1 4 0 7 5 2 6 : 1519
 4 1 7 0 3 6 5 2 : 1520
 0 2 7 3 4 6 1 5 : 1521
 5 7 6 3 4 2 0 1 : 1522
 1 6 2 3 4 7 5 0 : 1523
 6 3 2 4 7 5 0 1 : 1524
 2 4 5 7 3 6 0 1 : 1525
 7 3 6 4 2 0 1 5 : 1526
 3 4 2 7 5 0 1 6 : 1527
 4 7 5 3 6 0 1 2 : 1528
 0 5 3 4 7 2 1 6 : 1529
 5 1 3 4 6 7 0 2 : 1530
 1 0 3 4 2 6 5 7 : 1531
 6 1 4 7 2 3 0 5 : 1532
 2 1 7 3 5 4 0 6 : 1533
 7 5 4 2 6 3 1 0 : 1534
 3 6 7 5 2 4 1 0 : 1535
 4 2 3 6 5 7 1 0 : 1536
 0 7 1 4 6 3 2 5 : 1537
 5 6 0 4 2 3 7 1 : 1538
 1 2 5 4 7 3 6 0 : 1539
 6 2 0 7 5 4 3 1 : 1540
 2 5 0 3 6 7 4 1 : 1541
 7 6 1 2 0 4 3 5 : 1542
 3 2 1 5 0 7 4 6 : 1543
 4 5 1 6 0 3 7 2 : 1544
 0 6 4 7 3 5 1 2 : 1545
 5 2 4 6 3 1 0 7 : 1546
 1 7 4 2 3 0 5 6 : 1547
 6 5 7 2 4 1 0 3 : 1548
 2 6 3 5 7 1 0 4 : 1549
 7 0 2 6 4 5 1 3 : 1550
 3 0 5 2 7 6 1 4 : 1551
 4 0 6 5 3 2 1 7 : 1552
 0 3 1 7 2 4 5 6 : 1553
 5 3 0 6 7 4 1 2 : 1554
 1 3 5 2 6 4 0 7 : 1555
 6 4 0 2 3 7 1 5 : 1556
 2 7 0 5 4 3 1 6 : 1557
 7 4 1 6 3 2 5 0 : 1558
 3 7 1 2 4 5 6 0 : 1559
 4 3 1 5 7 6 2 0 : 1560
 0 4 1 3 5 7 6 2 : 1561
 5 4 0 3 1 6 2 7 : 1562
 1 4 5 3 0 2 7 6 : 1563
 6 7 0 4 1 2 5 3 : 1564
 2 3 0 7 1 5 6 4 : 1565
 7 2 1 4 5 6 0 3 : 1566
 3 5 1 7 6 2 0 4 : 1567
 4 6 1 3 2 5 0 7 : 1568
 0 1 5 2 4 7 3 6 : 1569
 5 0 1 7 4 6 3 2 : 1570
 1 5 0 6 4 2 3 7 : 1571
 6 0 1 3 7 2 4 5 : 1572
 2 0 1 4 3 5 7 6 : 1573
 7 1 5 3 2 6 4 0 : 1574
 3 1 6 4 5 2 7 0 : 1575
 4 1 2 7 6 5 3 0 : 1576
 0 2 5 7 6 1 4 3 : 1577
 5 7 1 6 2 0 4 3 : 1578
 1 6 0 2 7 5 4 3 : 1579
 6 3 1 2 5 0 7 4 : 1580
 2 4 1 5 6 0 3 7 : 1581
 7 3 5 6 0 1 2 4 : 1582
 3 4 6 2 0 1 5 7 : 1583
 4 7 2 5 0 1 6 3 : 1584
 0 5 6 3 2 1 7 4 : 1585
 5 1 2 3 7 0 6 4 : 1586
 1 0 7 3 6 5 2 4 : 1587
 6 1 5 4 3 0 2 7 : 1588
 2 1 6 7 4 0 5 3 : 1589
 7 5 0 4 3 1 6 2 : 1590
 3 6 0 7 4 1 2 5 : 1591
 4 2 0 3 7 1 5 6 : 1592
 0 7 5 1 3 2 6 4 : 1593
 5 6 1 0 3 7 2 4 : 1594
 1 2 0 5 3 6 7 4 : 1595
 6 2 1 0 4 3 5 7 : 1596
 2 5 1 0 7 4 6 3 : 1597
 7 6 5 1 4 3 0 2 : 1598
 3 2 6 1 7 4 0 5 : 1599
 4 5 2 1 3 7 0 6 : 1600
 0 6 2 4 5 1 3 7 : 1601
 5 2 7 4 1 0 3 6 : 1602
 1 7 6 4 0 5 3 2 : 1603
 6 5 3 7 1 0 4 2 : 1604
 2 6 4 3 1 0 7 5 : 1605
 7 0 3 2 5 1 4 6 : 1606
 3 0 4 5 6 1 7 2 : 1607
 4 0 7 6 2 1 3 5 : 1608
 0 3 6 1 4 5 2 7 : 1609
 5 3 2 0 4 1 7 6 : 1610
 1 3 7 5 4 0 6 2 : 1611
 6 4 5 0 7 1 3 2 : 1612
 2 7 6 0 3 1 4 5 : 1613
 7 4 0 1 2 5 3 6 : 1614
 3 7 0 1 5 6 4 2 : 1615
 4 3 0 1 6 2 7 5 : 1616
 0 4 2 1 7 6 5 3 : 1617
 5 4 7 0 6 2 1 3 : 1618
 1 4 6 5 2 7 0 3 : 1619
 6 7 3 0 2 5 1 4 : 1620
 2 3 4 0 5 6 1 7 : 1621
 7 2 3 1 6 0 5 4 : 1622
 3 5 4 1 2 0 6 7 : 1623
 4 6 7 1 5 0 2 3 : 1624
 0 1 6 5 7 3 4 2 : 1625
 5 0 2 1 6 3 4 7 : 1626
 1 5 7 0 2 3 4 6 : 1627
 6 0 5 1 2 4 7 3 : 1628
 2 0 6 1 5 7 3 4 : 1629
 7 1 0 5 6 4 2 3 : 1630
 3 1 0 6 2 7 5 4 : 1631
 4 1 0 2 5 3 6 7 : 1632
 0 2 3 5 1 4 6 7 : 1633
 5 7 3 1 0 4 2 6 : 1634
 1 6 3 0 5 4 7 2 : 1635
 6 3 4 1 0 7 5 2 : 1636
 2 4 7 1 0 3 6 5 : 1637
 7 3 4 5 1 2 0 6 : 1638
 3 4 7 6 1 5 0 2 : 1639
 4 7 3 2 1 6 0 5 : 1640
 0 5 4 6 1 7 2 3 : 1641
 5 1 4 2 0 6 7 3 : 1642
 1 0 4 7 5 2 6 3 : 1643
 6 1 7 5 0 2 3 4 : 1644
 2 1 3 6 0 5 4 7 : 1645
 7 5 2 0 1 6 3 4 : 1646
 3 6 5 0 1 2 4 7 : 1647
 4 2 6 0 1 5 7 3 : 1648
 0 7 4 5 2 6 3 1 : 1649
 5 6 4 1 7 2 3 0 : 1650
 1 2 4 0 6 7 3 5 : 1651
 6 2 7 1 3 5 4 0 : 1652
 2 5 3 1 4 6 7 0 : 1653
 7 6 2 5 3 0 4 1 : 1654
 3 2 5 6 4 0 7 1 : 1655
 4 5 6 2 7 0 3 1 : 1656
 0 6 7 2 1 3 5 4 : 1657
 5 2 6 7 0 3 1 4 : 1658
 1 7 2 6 5 3 0 4 : 1659
 6 5 2 3 0 4 1 7 : 1660
 2 6 5 4 0 7 1 3 : 1661
 7 0 6 3 1 4 5 2 : 1662
 3 0 2 4 1 7 6 5 : 1663
 4 0 5 7 1 3 2 6 : 1664
 0 3 7 6 5 2 4 1 : 1665
 5 3 6 2 1 7 4 0 : 1666
 1 3 2 7 0 6 4 5 : 1667
 6 4 2 5 1 3 7 0 : 1668
 2 7 5 6 1 4 3 0 : 1669
 7 4 6 0 5 3 2 1 : 1670
 3 7 2 0 6 4 5 1 : 1671
 4 3 5 0 2 7 6 1 : 1672
 0 4 3 2 6 5 7 1 : 1673
 5 4 3 7 2 1 6 0 : 1674
 1 4 3 6 7 0 2 5 : 1675
 6 7 4 3 5 1 2 0 : 1676
 2 3 7 4 6 1 5 0 : 1677
 7 2 4 3 0 5 6 1 : 1678
 3 5 7 4 0 6 2 1 : 1679
 4 6 3 7 0 2 5 1 : 1680
 0 1 2 5 4 3 7 6 : 1681
 5 0 7 1 4 3 6 2 : 1682
 1 5 6 0 4 3 2 7 : 1683
 6 0 3 1 7 4 2 5 : 1684
 2 0 4 1 3 7 5 6 : 1685
 7 1 3 5 2 4 6 0 : 1686
 3 1 4 6 5 7 2 0 : 1687
 4 1 7 2 6 3 5 0 : 1688
 0 2 7 5 6 4 1 3 : 1689
 5 7 6 1 2 4 0 3 : 1690
 1 6 2 0 7 4 5 3 : 1691
 6 3 2 1 5 7 0 4 : 1692
 2 4 5 1 6 3 0 7 : 1693
 7 3 6 5 0 2 1 4 : 1694
 3 4 2 6 0 5 1 7 : 1695
 4 7 5 2 0 6 1 3 : 1696
 0 5 3 6 2 7 1 4 : 1697
 5 1 3 2 7 6 0 4 : 1698
 1 0 3 7 6 2 5 4 : 1699
 6 1 4 5 3 2 0 7 : 1700
 2 1 7 6 4 5 0 3 : 1701
 7 5 4 0 3 6 1 2 : 1702
 3 6 7 0 4 2 1 5 : 1703
 4 2 3 0 7 5 1 6 : 1704
 0 7 1 5 3 6 2 4 : 1705
 5 6 0 1 3 2 7 4 : 1706
 1 2 5 0 3 7 6 4 : 1707
 6 2 0 1 4 5 3 7 : 1708
 2 5 0 1 7 6 4 3 : 1709
 7 6 1 5 4 0 3 2 : 1710
 3 2 1 6 7 0 4 5 : 1711
 4 5 1 2 3 0 7 6 : 1712
 0 6 4 2 5 3 1 7 : 1713
 5 2 4 7 1 3 0 6 : 1714
 1 7 4 6 0 3 5 2 : 1715
 6 5 7 3 1 4 0 2 : 1716
 2 6 3 4 1 7 0 5 : 1717
 7 0 2 3 5 4 1 6 : 1718
 3 0 5 4 6 7 1 2 : 1719
 4 0 6 7 2 3 1 5 : 1720
 0 3 1 6 4 2 5 7 : 1721
 5 3 0 2 4 7 1 6 : 1722
 1 3 5 7 4 6 0 2 : 1723
 6 4 0 5 7 3 1 2 : 1724
 2 7 0 6 3 4 1 5 : 1725
 7 4 1 0 2 3 5 6 : 1726
 3 7 1 0 5 4 6 2 : 1727
 4 3 1 0 6 7 2 5 : 1728
 0 4 1 2 7 5 6 3 : 1729
 5 4 0 7 6 1 2 3 : 1730
 1 4 5 6 2 0 7 3 : 1731
 6 7 0 3 2 1 5 4 : 1732
 2 3 0 4 5 1 6 7 : 1733
 7 2 1 3 6 5 0 4 : 1734
 3 5 1 4 2 6 0 7 : 1735
 4 6 1 7 5 2 0 3 : 1736
 0 1 5 6 7 4 3 2 : 1737
 5 0 1 2 6 4 3 7 : 1738
 1 5 0 7 2 4 3 6 : 1739
 6 0 1 5 2 7 4 3 : 1740
 2 0 1 6 5 3 7 4 : 1741
 7 1 5 0 6 2 4 3 : 1742
 3 1 6 0 2 5 7 4 : 1743
 4 1 2 0 5 6 3 7 : 1744
 0 2 5 3 1 6 4 7 : 1745
 5 7 1 3 0 2 4 6 : 1746
 1 6 0 3 5 7 4 2 : 1747
 6 3 1 4 0 5 7 2 : 1748
 2 4 1 7 0 6 3 5 : 1749
 7 3 5 4 1 0 2 6 : 1750
 3 4 6 7 1 0 5 2 : 1751
 4 7 2 3 1 0 6 5 : 1752
 0 5 6 4 1 2 7 3 : 1753
 5 1 2 4 0 7 6 3 : 1754
 1 0 7 4 5 6 2 3 : 1755
 6 1 5 7 0 3 2 4 : 1756
 2 1 6 3 0 4 5 7 : 1757
 7 5 0 2 1 3 6 4 : 1758
 3 6 0 5 1 4 2 7 : 1759
 4 2 0 6 1 7 5 3 : 1760
 0 7 5 4 2 3 6 1 : 1761
 5 6 1 4 7 3 2 0 : 1762
 1 2 0 4 6 3 7 5 : 1763
 6 2 1 7 3 4 5 0 : 1764
 2 5 1 3 4 7 6 0 : 1765
 7 6 5 2 3 4 0 1 : 1766
 3 2 6 5 4 7 0 1 : 1767
 4 5 2 6 7 3 0 1 : 1768
 0 6 2 7 1 5 3 4 : 1769
 5 2 7 6 0 1 3 4 : 1770
 1 7 6 2 5 0 3 4 : 1771
 6 5 3 2 0 1 4 7 : 1772
 2 6 4 5 0 1 7 3 : 1773
 7 0 3 6 1 5 4 2 : 1774
 3 0 4 2 1 6 7 5 : 1775
 4 0 7 5 1 2 3 6 : 1776
 0 3 6 7 5 4 2 1 : 1777
 5 3 2 6 1 4 7 0 : 1778
 1 3 7 2 0 4 6 5 : 1779
 6 4 5 2 1 7 3 0 : 1780
 2 7 6 5 1 3 4 0 : 1781
 7 4 0 6 5 2 3 1 : 1782
 3 7 0 2 6 5 4 1 : 1783
 4 3 0 5 2 6 7 1 : 1784
 0 4 2 3 6 7 5 1 : 1785
 5 4 7 3 2 6 1 0 : 1786
 1 4 6 3 7 2 0 5 : 1787
 6 7 3 4 5 2 1 0 : 1788
 2 3 4 7 6 5 1 0 : 1789
 7 2 3 4 0 6 5 1 : 1790
 3 5 4 7 0 2 6 1 : 1791
 4 6 7 3 0 5 2 1 : 1792
 0 1 6 2 3 7 4 5 : 1793
 5 0 2 7 3 6 4 1 : 1794
 1 5 7 6 3 2 4 0 : 1795
 6 0 5 3 4 2 7 1 : 1796
 2 0 6 4 7 5 3 1 : 1797
 7 1 0 3 4 6 2 5 : 1798
 3 1 0 4 7 2 5 6 : 1799
 4 1 0 7 3 5 6 2 : 1800
 0 2 3 7 4 1 6 5 : 1801
 5 7 3 6 4 0 2 1 : 1802
 1 6 3 2 4 5 7 0 : 1803
 6 3 4 2 7 0 5 1 : 1804
 2 4 7 5 3 0 6 1 : 1805
 7 3 4 6 2 1 0 5 : 1806
 3 4 7 2 5 1 0 6 : 1807
 4 7 3 5 6 1 0 2 : 1808
 0 5 4 3 7 1 2 6 : 1809
 5 1 4 3 6 0 7 2 : 1810
 1 0 4 3 2 5 6 7 : 1811
 6 1 7 4 2 0 3 5 : 1812
 2 1 3 7 5 0 4 6 : 1813
 7 5 2 4 6 1 3 0 : 1814
 3 6 5 7 2 1 4 0 : 1815
 4 2 6 3 5 1 7 0 : 1816
 0 7 4 1 6 2 3 5 : 1817
 5 6 4 0 2 7 3 1 : 1818
 1 2 4 5 7 6 3 0 : 1819
 6 2 7 0 5 3 4 1 : 1820
 2 5 3 0 6 4 7 1 : 1821
 7 6 2 1 0 3 4 5 : 1822
 3 2 5 1 0 4 7 6 : 1823
 4 5 6 1 0 7 3 2 : 1824
 0 6 7 4 3 1 5 2 : 1825
 5 2 6 4 3 0 1 7 : 1826
 1 7 2 4 3 5 0 6 : 1827
 6 5 2 7 4 0 1 3 : 1828
 2 6 5 3 7 0 1 4 : 1829
 7 0 6 2 4 1 5 3 : 1830
 3 0 2 5 7 1 6 4 : 1831
 4 0 5 6 3 1 2 7 : 1832
 0 3 7 1 2 5 4 6 : 1833
 5 3 6 0 7 1 4 2 : 1834
 1 3 2 5 6 0 4 7 : 1835
 6 4 2 0 3 1 7 5 : 1836
 2 7 5 0 4 1 3 6 : 1837
 7 4 6 1 3 5 2 0 : 1838
 3 7 2 1 4 6 5 0 : 1839
 4 3 5 1 7 2 6 0 : 1840
 0 4 3 1 5 6 7 2 : 1841
 5 4 3 0 1 2 6 7 : 1842
 1 4 3 5 0 7 2 6 : 1843
 6 7 4 0 1 5 2 3 : 1844
 2 3 7 0 1 6 5 4 : 1845
 7 2 4 1 5 0 6 3 : 1846
 3 5 7 1 6 0 2 4 : 1847
 4 6 3 1 2 0 5 7 : 1848
 0 1 2 7 5 3 6 4 : 1849
 5 0 7 6 1 3 2 4 : 1850
 1 5 6 2 0 3 7 4 : 1851
 6 0 3 2 1 4 5 7 : 1852
 2 0 4 5 1 7 6 3 : 1853
 7 1 3 6 5 4 0 2 : 1854
 3 1 4 2 6 7 0 5 : 1855
 4 1 7 5 2 3 0 6 : 1856
 0 2 7 1 5 4 3 6 : 1857
 5 7 6 0 1 4 3 2 : 1858
 1 6 2 5 0 4 3 7 : 1859
 6 3 2 0 1 7 4 5 : 1860
 2 4 5 0 1 3 7 6 : 1861
 7 3 6 1 5 2 4 0 : 1862
 3 4 2 1 6 5 7 0 : 1863
 4 7 5 1 2 6 3 0 : 1864
 0 5 3 1 6 7 4 2 : 1865
 5 1 3 0 2 6 4 7 : 1866
 1 0 3 5 7 2 4 6 : 1867
 6 1 4 0 5 2 7 3 : 1868
 2 1 7 0 6 5 3 4 : 1869
 7 5 4 1 0 6 2 3 : 1870
 3 6 7 1 0 2 5 4 : 1871
 4 2 3 1 0 5 6 7 : 1872
 0 7 1 2 5 6 4 3 : 1873
 5 6 0 7 1 2 4 3 : 1874
 1 2 5 6 0 7 4 3 : 1875
 6 2 0 3 1 5 7 4 : 1876
 2 5 0 4 1 6 3 7 : 1877
 7 6 1 3 5 0 2 4 : 1878
 3 2 1 4 6 0 5 7 : 1879
 4 5 1 7 2 0 6 3 : 1880
 0 6 4 1 2 3 7 5 : 1881
 5 2 4 0 7 3 6 1 : 1882
 1 7 4 5 6 3 2 0 : 1883
 6 5 7 0 3 4 2 1 : 1884
 2 6 3 0 4 7 5 1 : 1885
 7 0 2 1 3 4 6 5 : 1886
 3 0 5 1 4 7 2 6 : 1887
 4 0 6 1 7 3 5 2 : 1888
 0 3 1 5 6 2 7 4 : 1889
 5 3 0 1 2 7 6 4 : 1890
 1 3 5 0 7 6 2 4 : 1891
 6 4 0 1 5 3 2 7 : 1892
 2 7 0 1 6 4 5 3 : 1893
 7 4 1 5 0 3 6 2 : 1894
 3 7 1 6 0 4 2 5 : 1895
 4 3 1 2 0 7 5 6 : 1896
 0 4 1 6 2 5 3 7 : 1897
 5 4 0 2 7 1 3 6 : 1898
 1 4 5 7 6 0 3 2 : 1899
 6 7 0 5 3 1 4 2 : 1900
 2 3 0 6 4 1 7 5 : 1901
 7 2 1 0 3 5 4 6 : 1902
 3 5 1 0 4 6 7 2 : 1903
 4 6 1 0 7 2 3 5 : 1904
 0 1 5 3 6 4 2 7 : 1905
 5 0 1 3 2 4 7 6 : 1906
 1 5 0 3 7 4 6 2 : 1907
 6 0 1 4 5 7 3 2 : 1908
 2 0 1 7 6 3 4 5 : 1909
 7 1 5 4 0 2 3 6 : 1910
 3 1 6 7 0 5 4 2 : 1911
 4 1 2 3 0 6 7 5 : 1912
 0 2 5 4 3 6 7 1 : 1913
 5 7 1 4 3 2 6 0 : 1914
 1 6 0 4 3 7 2 5 : 1915
 6 3 1 7 4 5 2 0 : 1916
 2 4 1 3 7 6 5 0 : 1917
 7 3 5 2 4 0 6 1 : 1918
 3 4 6 5 7 0 2 1 : 1919
 4 7 2 6 3 0 5 1 : 1920
 0 5 6 7 4 2 3 1 : 1921
 5 1 2 6 4 7 3 0 : 1922
 1 0 7 2 4 6 3 5 : 1923
 6 1 5 2 7 3 4 0 : 1924
 2 1 6 5 3 4 7 0 : 1925
 7 5 0 6 2 3 4 1 : 1926
 3 6 0 2 5 4 7 1 : 1927
 4 2 0 5 6 7 3 1 : 1928
 0 7 5 6 4 3 1 2 : 1929
 5 6 1 2 4 3 0 7 : 1930
 1 2 0 7 4 3 5 6 : 1931
 6 2 1 5 7 4 0 3 : 1932
 2 5 1 6 3 7 0 4 : 1933
 7 6 5 0 2 4 1 3 : 1934
 3 2 6 0 5 7 1 4 : 1935
 4 5 2 0 6 3 1 7 : 1936
 0 6 2 3 7 5 4 1 : 1937
 5 2 7 3 6 1 4 0 : 1938
 1 7 6 3 2 0 4 5 : 1939
 6 5 3 4 2 1 7 0 : 1940
 2 6 4 7 5 1 3 0 : 1941
 7 0 3 4 6 5 2 1 : 1942
 3 0 4 7 2 6 5 1 : 1943
 4 0 7 3 5 2 6 1 : 1944
 0 3 6 2 7 4 1 5 : 1945
 5 3 2 7 6 4 0 1 : 1946
 1 3 7 6 2 4 5 0 : 1947
 6 4 5 3 2 7 0 1 : 1948
 2 7 6 4 5 3 0 1 : 1949
 7 4 0 3 6 2 1 5 : 1950
 3 7 0 4 2 5 1 6 : 1951
 4 3 0 7 5 6 1 2 : 1952
 0 4 2 5 3 7 1 6 : 1953
 5 4 7 1 3 6 0 2 : 1954
 1 4 6 0 3 2 5 7 : 1955
 6 7 3 1 4 2 0 5 : 1956
 2 3 4 1 7 5 0 6 : 1957
 7 2 3 5 4 6 1 0 : 1958
 3 5 4 6 7 2 1 0 : 1959
 4 6 7 2 3 5 1 0 : 1960
 0 1 6 4 2 7 5 3 : 1961
 5 0 2 4 7 6 1 3 : 1962
 1 5 7 4 6 2 0 3 : 1963
 6 0 5 7 3 2 1 4 : 1964
 2 0 6 3 4 5 1 7 : 1965
 7 1 0 2 3 6 5 4 : 1966
 3 1 0 5 4 2 6 7 : 1967
 4 1 0 6 7 5 2 3 : 1968
 0 2 3 6 7 1 5 4 : 1969
 5 7 3 2 6 0 1 4 : 1970
 1 6 3 7 2 5 0 4 : 1971
 6 3 4 5 2 0 1 7 : 1972
 2 4 7 6 5 0 1 3 : 1973
 7 3 4 0 6 1 5 2 : 1974
 3 4 7 0 2 1 6 5 : 1975
 4 7 3 0 5 1 2 6 : 1976
 0 5 4 2 3 1 6 7 : 1977
 5 1 4 7 3 0 2 6 : 1978
 1 0 4 6 3 5 7 2 : 1979
 6 1 7 3 4 0 5 2 : 1980
 2 1 3 4 7 0 6 5 : 1981
 7 5 2 3 4 1 0 6 : 1982
 3 6 5 4 7 1 0 2 : 1983
 4 2 6 7 3 1 0 5 : 1984
 0 7 4 3 1 2 5 6 : 1985
 5 6 4 3 0 7 1 2 : 1986
 1 2 4 3 5 6 0 7 : 1987
 6 2 7 4 0 3 1 5 : 1988
 2 5 3 7 0 4 1 6 : 1989
 7 6 2 4 1 3 5 0 : 1990
 3 2 5 7 1 4 6 0 : 1991
 4 5 6 3 1 7 2 0 : 1992
 0 6 7 5 4 1 2 3 : 1993
 5 2 6 1 4 0 7 3 : 1994
 1 7 2 0 4 5 6 3 : 1995
 6 5 2 1 7 0 3 4 : 1996
 2 6 5 1 3 0 4 7 : 1997
 7 0 6 5 2 1 3 4 : 1998
 3 0 2 6 5 1 4 7 : 1999
 4 0 5 2 6 1 7 3 : 2000
 0 3 7 4 1 5 6 2 : 2001
 5 3 6 4 0 1 2 7 : 2002
 1 3 2 4 5 0 7 6 : 2003
 6 4 2 7 0 1 5 3 : 2004
 2 7 5 3 0 1 6 4 : 2005
 7 4 6 2 1 5 0 3 : 2006
 3 7 2 5 1 6 0 4 : 2007
 4 3 5 6 1 2 0 7 : 2008
 0 4 3 7 1 6 2 5 : 2009
 5 4 3 6 0 2 7 1 : 2010
 1 4 3 2 5 7 6 0 : 2011
 6 7 4 2 0 5 3 1 : 2012
 2 3 7 5 0 6 4 1 : 2013
 7 2 4 6 1 0 3 5 : 2014
 3 5 7 2 1 0 4 6 : 2015
 4 6 3 5 1 0 7 2 : 2016
 0 1 3 5 7 2 6 4 : 2017
 5 0 3 1 6 7 2 4 : 2018
 1 5 3 0 2 6 7 4 : 2019
 6 0 4 1 2 3 5 7 : 2020
 2 0 7 1 5 4 6 3 : 2021
 7 1 4 5 6 3 0 2 : 2022
 3 1 7 6 2 4 0 5 : 2023
 4 1 3 2 5 7 0 6 : 2024
 0 2 4 5 1 7 3 6 : 2025
 5 7 4 1 0 6 3 2 : 2026
 1 6 4 0 5 2 3 7 : 2027
 6 3 7 1 0 2 4 5 : 2028
 2 4 3 1 0 5 7 6 : 2029
 7 3 2 5 1 6 4 0 : 2030
 3 4 5 6 1 2 7 0 : 2031
 4 7 6 2 1 5 3 0 : 2032
 0 5 7 6 1 3 4 2 : 2033
 5 1 6 2 0 3 4 7 : 2034
 1 0 2 7 5 3 4 6 : 2035
 6 1 2 5 0 4 7 3 : 2036
 2 1 5 6 0 7 3 4 : 2037
 7 5 6 0 1 4 2 3 : 2038
 3 6 2 0 1 7 5 4 : 2039
 4 2 5 0 1 3 6 7 : 2040
 0 7 6 5 2 1 4 3 : 2041
 5 6 2 1 7 0 4 3 : 2042
 1 2 7 0 6 5 4 3 : 2043
 6 2 5 1 3 0 7 4 : 2044
 2 5 6 1 4 0 3 7 : 2045
 7 6 0 5 3 1 2 4 : 2046
 3 2 0 6 4 1 5 7 : 2047
 4 5 0 2 7 1 6 3 : 2048
 0 6 3 2 1 4 7 5 : 2049
 5 2 3 7 0 4 6 1 : 2050
 1 7 3 6 5 4 2 0 : 2051
 6 5 4 3 0 7 2 1 : 2052
 2 6 7 4 0 3 5 1 : 2053
 7 0 4 3 1 2 6 5 : 2054
 3 0 7 4 1 5 2 6 : 2055
 4 0 3 7 1 6 5 2 : 2056
 0 3 2 6 5 1 7 4 : 2057
 5 3 7 2 1 0 6 4 : 2058
 1 3 6 7 0 5 2 4 : 2059
 6 4 3 5 1 0 2 7 : 2060
 2 7 4 6 1 0 5 3 : 2061
 7 4 3 0 5 1 6 2 : 2062
 3 7 4 0 6 1 2 5 : 2063
 4 3 7 0 2 1 5 6 : 2064
 0 4 5 2 6 1 3 7 : 2065
 5 4 1 7 2 0 3 6 : 2066
 1 4 0 6 7 5 3 2 : 2067
 6 7 1 3 5 0 4 2 : 2068
 2 3 1 4 6 0 7 5 : 2069
 7 2 5 3 0 1 4 6 : 2070
 3 5 6 4 0 1 7 2 : 2071
 4 6 2 7 0 1 3 5 : 2072
 0 1 4 6 3 5 2 7 : 2073
 5 0 4 2 3 1 7 6 : 2074
 1 5 4 7 3 0 6 2 : 2075
 6 0 7 5 4 1 3 2 : 2076
 2 0 3 6 7 1 4 5 : 2077
 7 1 2 0 4 5 3 6 : 2078
 3 1 5 0 7 6 4 2 : 2079
 4 1 6 0 3 2 7 5 : 2080
 0 2 6 3 4 5 7 1 : 2081
 5 7 2 3 4 1 6 0 : 2082
 1 6 7 3 4 0 2 5 : 2083
 6 3 5 4 7 1 2 0 : 2084
 2 4 6 7 3 1 5 0 : 2085
 7 3 0 4 2 5 6 1 : 2086
 3 4 0 7 5 6 2 1 : 2087
 4 7 0 3 6 2 5 1 : 2088
 0 5 2 4 7 6 3 1 : 2089
 5 1 7 4 6 2 3 0 : 2090
 1 0 6 4 2 7 3 5 : 2091
 6 1 3 7 2 5 4 0 : 2092
 2 1 4 3 5 6 7 0 : 2093
 7 5 3 2 6 0 4 1 : 2094
 3 6 4 5 2 0 7 1 : 2095
 4 2 7 6 5 0 3 1 : 2096
 0 7 3 4 6 5 1 2 : 2097
 5 6 3 4 2 1 0 7 : 2098
 1 2 3 4 7 0 5 6 : 2099
 6 2 4 7 5 1 0 3 : 2100
 2 5 7 3 6 1 0 4 : 2101
 7 6 4 2 0 5 1 3 : 2102
 3 2 7 5 0 6 1 4 : 2103
 4 5 3 6 0 2 1 7 : 2104
 0 6 5 7 3 2 4 1 : 2105
 5 2 1 6 3 7 4 0 : 2106
 1 7 0 2 3 6 4 5 : 2107
 6 5 1 2 4 3 7 0 : 2108
 2 6 1 5 7 4 3 0 : 2109
 7 0 5 6 4 3 2 1 : 2110
 3 0 6 2 7 4 5 1 : 2111
 4 0 2 5 3 7 6 1 : 2112
 0 3 4 7 2 6 1 5 : 2113
 5 3 4 6 7 2 0 1 : 2114
 1 3 4 2 6 7 5 0 : 2115
 6 4 7 2 3 5 0 1 : 2116
 2 7 3 5 4 6 0 1 : 2117
 7 4 2 6 3 0 1 5 : 2118
 3 7 5 2 4 0 1 6 : 2119
 4 3 6 5 7 0 1 2 : 2120
 0 4 7 3 5 2 1 6 : 2121
 5 4 6 3 1 7 0 2 : 2122
 1 4 2 3 0 6 5 7 : 2123
 6 7 2 4 1 3 0 5 : 2124
 2 3 5 7 1 4 0 6 : 2125
 7 2 6 4 5 3 1 0 : 2126
 3 5 2 7 6 4 1 0 : 2127
 4 6 5 3 2 7 1 0 : 2128
 0 1 7 2 4 6 5 3 : 2129
 5 0 6 7 4 2 1 3 : 2130
 1 5 2 6 4 7 0 3 : 2131
 6 0 2 3 7 5 1 4 : 2132
 2 0 5 4 3 6 1 7 : 2133
 7 1 6 3 2 0 5 4 : 2134
 3 1 2 4 5 0 6 7 : 2135
 4 1 5 7 6 0 2 3 : 2136
 0 2 1 7 6 3 5 4 : 2137
 5 7 0 6 2 3 1 4 : 2138
 1 6 5 2 7 3 0 4 : 2139
 6 3 0 2 5 4 1 7 : 2140
 2 4 0 5 6 7 1 3 : 2141
 7 3 1 6 0 4 5 2 : 2142
 3 4 1 2 0 7 6 5 : 2143
 4 7 1 5 0 3 2 6 : 2144
 0 5 1 3 2 4 6 7 : 2145
 5 1 0 3 7 4 2 6 : 2146
 1 0 5 3 6 4 7 2 : 2147
 6 1 0 4 3 7 5 2 : 2148
 2 1 0 7 4 3 6 5 : 2149
 7 5 1 4 3 2 0 6 : 2150
 3 6 1 7 4 5 0 2 : 2151
 4 2 1 3 7 6 0 5 : 2152
 0 7 2 1 3 4 5 6 : 2153
 5 6 7 0 3 4 1 2 : 2154
 1 2 6 5 3 4 0 7 : 2155
 6 2 3 0 4 7 1 5 : 2156
 2 5 4 0 7 3 1 6 : 2157
 7 6 3 1 4 2 5 0 : 2158
 3 2 4 1 7 5 6 0 : 2159
 4 5 7 1 3 6 2 0 : 2160
 0 6 1 4 5 7 2 3 : 2161
 5 2 0 4 1 6 7 3 : 2162
 1 7 5 4 0 2 6 3 : 2163
 6 5 0 7 1 2 3 4 : 2164
 2 6 0 3 1 5 4 7 : 2165
 7 0 1 2 5 6 3 4 : 2166
 3 0 1 5 6 2 4 7 : 2167
 4 0 1 6 2 5 7 3 : 2168
 0 3 5 1 4 7 6 2 : 2169
 5 3 1 0 4 6 2 7 : 2170
 1 3 0 5 4 2 7 6 : 2171
 6 4 1 0 7 2 5 3 : 2172
 2 7 1 0 3 5 6 4 : 2173
 7 4 5 1 2 6 0 3 : 2174
 3 7 6 1 5 2 0 4 : 2175
 4 3 2 1 6 5 0 7 : 2176
 0 4 6 1 7 3 2 5 : 2177
 5 4 2 0 6 3 7 1 : 2178
 1 4 7 5 2 3 6 0 : 2179
 6 7 5 0 2 4 3 1 : 2180
 2 3 6 0 5 7 4 1 : 2181
 7 2 0 1 6 4 3 5 : 2182
 3 5 0 1 2 7 4 6 : 2183
 4 6 0 1 5 3 7 2 : 2184
 0 1 3 4 2 6 7 5 : 2185
 5 0 3 4 7 2 6 1 : 2186
 1 5 3 4 6 7 2 0 : 2187
 6 0 4 7 3 5 2 1 : 2188
 2 0 7 3 4 6 5 1 : 2189
 7 1 4 2 3 0 6 5 : 2190
 3 1 7 5 4 0 2 6 : 2191
 4 1 3 6 7 0 5 2 : 2192
 0 2 4 6 7 3 1 5 : 2193
 5 7 4 2 6 3 0 1 : 2194
 1 6 4 7 2 3 5 0 : 2195
 6 3 7 5 2 4 0 1 : 2196
 2 4 3 6 5 7 0 1 : 2197
 7 3 2 0 6 4 1 5 : 2198
 3 4 5 0 2 7 1 6 : 2199
 4 7 6 0 5 3 1 2 : 2200
 0 5 7 2 3 4 1 6 : 2201
 5 1 6 7 3 4 0 2 : 2202
 1 0 2 6 3 4 5 7 : 2203
 6 1 2 3 4 7 0 5 : 2204
 2 1 5 4 7 3 0 6 : 2205
 7 5 6 3 4 2 1 0 : 2206
 3 6 2 4 7 5 1 0 : 2207
 4 2 5 7 3 6 1 0 : 2208
 0 7 6 3 1 4 2 5 : 2209
 5 6 2 3 0 4 7 1 : 2210
 1 2 7 3 5 4 6 0 : 2211
 6 2 5 4 0 7 3 1 : 2212
 2 5 6 7 0 3 4 1 : 2213
 7 6 0 4 1 2 3 5 : 2214
 3 2 0 7 1 5 4 6 : 2215
 4 5 0 3 1 6 7 2 : 2216
 0 6 3 5 4 7 1 2 : 2217
 5 2 3 1 4 6 0 7 : 2218
 1 7 3 0 4 2 5 6 : 2219
 6 5 4 1 7 2 0 3 : 2220
 2 6 7 1 3 5 0 4 : 2221
 7 0 4 5 2 6 1 3 : 2222
 3 0 7 6 5 2 1 4 : 2223
 4 0 3 2 6 5 1 7 : 2224
 0 3 2 4 1 7 5 6 : 2225
 5 3 7 4 0 6 1 2 : 2226
 1 3 6 4 5 2 0 7 : 2227
 6 4 3 7 0 2 1 5 : 2228
 2 7 4 3 0 5 1 6 : 2229
 7 4 3 2 1 6 5 0 : 2230
 3 7 4 5 1 2 6 0 : 2231
 4 3 7 6 1 5 2 0 : 2232
 0 4 5 7 1 3 6 2 : 2233
 5 4 1 6 0 3 2 7 : 2234
 1 4 0 2 5 3 7 6 : 2235
 6 7 1 2 0 4 5 3 : 2236
 2 3 1 5 0 7 6 4 : 2237
 7 2 5 6 1 4 0 3 : 2238
 3 5 6 2 1 7 0 4 : 2239
 4 6 2 5 1 3 0 7 : 2240
 0 1 4 7 5 2 3 6 : 2241
 5 0 4 6 1 7 3 2 : 2242
 1 5 4 2 0 6 3 7 : 2243
 6 0 7 2 1 3 4 5 : 2244
 2 0 3 5 1 4 7 6 : 2245
 7 1 2 6 5 3 4 0 : 2246
 3 1 5 2 6 4 7 0 : 2247
 4 1 6 5 2 7 3 0 : 2248
 0 2 6 1 5 7 4 3 : 2249
 5 7 2 0 1 6 4 3 : 2250
 1 6 7 5 0 2 4 3 : 2251
 6 3 5 0 1 2 7 4 : 2252
 2 4 6 0 1 5 3 7 : 2253
 7 3 0 1 5 6 2 4 : 2254
 3 4 0 1 6 2 5 7 : 2255
 4 7 0 1 2 5 6 3 : 2256
 0 5 2 1 6 3 7 4 : 2257
 5 1 7 0 2 3 6 4 : 2258
 1 0 6 5 7 3 2 4 : 2259
 6 1 3 0 5 4 2 7 : 2260
 2 1 4 0 6 7 5 3 : 2261
 7 5 3 1 0 4 6 2 : 2262
 3 6 4 1 0 7 2 5 : 2263
 4 2 7 1 0 3 5 6 : 2264
 0 7 3 2 5 1 6 4 : 2265
 5 6 3 7 1 0 2 4 : 2266
 1 2 3 6 0 5 7 4 : 2267
 6 2 4 3 1 0 5 7 : 2268
 2 5 7 4 1 0 6 3 : 2269
 7 6 4 3 5 1 0 2 : 2270
 3 2 7 4 6 1 0 5 : 2271
 4 5 3 7 2 1 0 6 : 2272
 0 6 5 1 2 4 3 7 : 2273
 5 2 1 0 7 4 3 6 : 2274
 1 7 0 5 6 4 3 2 : 2275
 6 5 1 0 3 7 4 2 : 2276
 2 6 1 0 4 3 7 5 : 2277
 7 0 5 1 3 2 4 6 : 2278
 3 0 6 1 4 5 7 2 : 2279
 4 0 2 1 7 6 3 5 : 2280
 0 3 4 5 6 1 2 7 : 2281
 5 3 4 1 2 0 7 6 : 2282
 1 3 4 0 7 5 6 2 : 2283
 6 4 7 1 5 0 3 2 : 2284
 2 7 3 1 6 0 4 5 : 2285
 7 4 2 5 0 1 3 6 : 2286
 3 7 5 6 0 1 4 2 : 2287
 4 3 6 2 0 1 7 5 : 2288
 0 4 7 6 2 1 5 3 : 2289
 5 4 6 2 7 0 1 3 : 2290
 1 4 2 7 6 5 0 3 : 2291
 6 7 2 5 3 0 1 4 : 2292
 2 3 5 6 4 0 1 7 : 2293
 7 2 6 0 3 1 5 4 : 2294
 3 5 2 0 4 1 6 7 : 2295
 4 6 5 0 7 1 2 3 : 2296
 0 1 7 3 6 5 4 2 : 2297
 5 0 6 3 2 1 4 7 : 2298
 1 5 2 3 7 0 4 6 : 2299
 6 0 2 4 5 1 7 3 : 2300
 2 0 5 7 6 1 3 4 : 2301
 7 1 6 4 0 5 2 3 : 2302
 3 1 2 7 0 6 5 4 : 2303
 4 1 5 3 0 2 6 7 : 2304
 0 2 1 4 3 5 6 7 : 2305
 5 7 0 4 3 1 2 6 : 2306
 1 6 5 4 3 0 7 2 : 2307
 6 3 0 7 4 1 5 2 : 2308
 2 4 0 3 7 1 6 5 : 2309
 7 3 1 2 4 5 0 6 : 2310
 3 4 1 5 7 6 0 2 : 2311
 4 7 1 6 3 2 0 5 : 2312
 0 5 1 7 4 6 2 3 : 2313
 5 1 0 6 4 2 7 3 : 2314
 1 0 5 2 4 7 6 3 : 2315
 6 1 0 2 7 5 3 4 : 2316
 2 1 0 5 3 6 4 7 : 2317
 7 5 1 6 2 0 3 4 : 2318
 3 6 1 2 5 0 4 7 : 2319
 4 2 1 5 6 0 7 3 : 2320
 0 7 2 6 4 5 3 1 : 2321
 5 6 7 2 4 1 3 0 : 2322
 1 2 6 7 4 0 3 5 : 2323
 6 2 3 5 7 1 4 0 : 2324
 2 5 4 6 3 1 7 0 : 2325
 7 6 3 0 2 5 4 1 : 2326
 3 2 4 0 5 6 7 1 : 2327
 4 5 7 0 6 2 3 1 : 2328
 0 6 1 3 7 2 5 4 : 2329
 5 2 0 3 6 7 1 4 : 2330
 1 7 5 3 2 6 0 4 : 2331
 6 5 0 4 2 3 1 7 : 2332
 2 6 0 7 5 4 1 3 : 2333
 7 0 1 4 6 3 5 2 : 2334
 3 0 1 7 2 4 6 5 : 2335
 4 0 1 3 5 7 2 6 : 2336
 0 3 5 2 7 6 4 1 : 2337
 5 3 1 7 6 2 4 0 : 2338
 1 3 0 6 2 7 4 5 : 2339
 6 4 1 3 2 5 7 0 : 2340
 2 7 1 4 5 6 3 0 : 2341
 7 4 5 3 6 0 2 1 : 2342
 3 7 6 4 2 0 5 1 : 2343
 4 3 2 7 5 0 6 1 : 2344
 0 4 6 5 3 2 7 1 : 2345
 5 4 2 1 3 7 6 0 : 2346
 1 4 7 0 3 6 2 5 : 2347
 6 7 5 1 4 3 2 0 : 2348
 2 3 6 1 7 4 5 0 : 2349
 7 2 0 5 4 3 6 1 : 2350
 3 5 0 6 7 4 2 1 : 2351
 4 6 0 2 3 7 5 1 : 2352
 0 1 3 5 6 4 7 2 : 2353
 5 0 3 1 2 4 6 7 : 2354
 1 5 3 0 7 4 2 6 : 2355
 6 0 4 1 5 7 2 3 : 2356
 2 0 7 1 6 3 5 4 : 2357
 7 1 4 5 0 2 6 3 : 2358
 3 1 7 6 0 5 2 4 : 2359
 4 1 3 2 0 6 5 7 : 2360
 0 2 4 5 3 6 1 7 : 2361
 5 7 4 1 3 2 0 6 : 2362
 1 6 4 0 3 7 5 2 : 2363
 6 3 7 1 4 5 0 2 : 2364
 2 4 3 1 7 6 0 5 : 2365
 7 3 2 5 4 0 1 6 : 2366
 3 4 5 6 7 0 1 2 : 2367
 4 7 6 2 3 0 1 5 : 2368
 0 5 7 6 4 2 1 3 : 2369
 5 1 6 2 4 7 0 3 : 2370
 1 0 2 7 4 6 5 3 : 2371
 6 1 2 5 7 3 0 4 : 2372
 2 1 5 6 3 4 0 7 : 2373
 7 5 6 0 2 3 1 4 : 2374
 3 6 2 0 5 4 1 7 : 2375
 4 2 5 0 6 7 1 3 : 2376
 0 7 6 5 4 3 2 1 : 2377
 5 6 2 1 4 3 7 0 : 2378
 1 2 7 0 4 3 6 5 : 2379
 6 2 5 1 7 4 3 0 : 2380
 2 5 6 1 3 7 4 0 : 2381
 7 6 0 5 2 4 3 1 : 2382
 3 2 0 6 5 7 4 1 : 2383
 4 5 0 2 6 3 7 1 : 2384
 0 6 3 2 7 5 1 4 : 2385
 5 2 3 7 6 1 0 4 : 2386
 1 7 3 6 2 0 5 4 : 2387
 6 5 4 3 2 1 0 7 : 2388
 2 6 7 4 5 1 0 3 : 2389
 7 0 4 3 6 5 1 2 : 2390
 3 0 7 4 2 6 1 5 : 2391
 4 0 3 7 5 2 1 6 : 2392
 0 3 2 6 7 4 5 1 : 2393
 5 3 7 2 6 4 1 0 : 2394
 1 3 6 7 2 4 0 5 : 2395
 6 4 3 5 2 7 1 0 : 2396
 2 7 4 6 5 3 1 0 : 2397
 7 4 3 0 6 2 5 1 : 2398
 3 7 4 0 2 5 6 1 : 2399
 4 3 7 0 5 6 2 1 : 2400
 0 4 5 2 3 7 6 1 : 2401
 5 4 1 7 3 6 2 0 : 2402
 1 4 0 6 3 2 7 5 : 2403
 6 7 1 3 4 2 5 0 : 2404
 2 3 1 4 7 5 6 0 : 2405
 7 2 5 3 4 6 0 1 : 2406
 3 5 6 4 7 2 0 1 : 2407
 4 6 2 7 3 5 0 1 : 2408
 0 1 4 6 2 7 3 5 : 2409
 5 0 4 2 7 6 3 1 : 2410
 1 5 4 7 6 2 3 0 : 2411
 6 0 7 5 3 2 4 1 : 2412
 2 0 3 6 4 5 7 1 : 2413
 7 1 2 0 3 6 4 5 : 2414
 3 1 5 0 4 2 7 6 : 2415
 4 1 6 0 7 5 3 2 : 2416
 0 2 6 3 7 1 4 5 : 2417
 5 7 2 3 6 0 4 1 : 2418
 1 6 7 3 2 5 4 0 : 2419
 6 3 5 4 2 0 7 1 : 2420
 2 4 6 7 5 0 3 1 : 2421
 7 3 0 4 6 1 2 5 : 2422
 3 4 0 7 2 1 5 6 : 2423
 4 7 0 3 5 1 6 2 : 2424
 0 5 2 4 3 1 7 6 : 2425
 5 1 7 4 3 0 6 2 : 2426
 1 0 6 4 3 5 2 7 : 2427
 6 1 3 7 4 0 2 5 : 2428
 2 1 4 3 7 0 5 6 : 2429
 7 5 3 2 4 1 6 0 : 2430
 3 6 4 5 7 1 2 0 : 2431
 4 2 7 6 3 1 5 0 : 2432
 0 7 3 4 1 2 6 5 : 2433
 5 6 3 4 0 7 2 1 : 2434
 1 2 3 4 5 6 7 0 : 2435
 6 2 4 7 0 3 5 1 : 2436
 2 5 7 3 0 4 6 1 : 2437
 7 6 4 2 1 3 0 5 : 2438
 3 2 7 5 1 4 0 6 : 2439
 4 5 3 6 1 7 0 2 : 2440
 0 6 5 7 4 1 3 2 : 2441
 5 2 1 6 4 0 3 7 : 2442
 1 7 0 2 4 5 3 6 : 2443
 6 5 1 2 7 0 4 3 : 2444
 2 6 1 5 3 0 7 4 : 2445
 7 0 5 6 2 1 4 3 : 2446
 3 0 6 2 5 1 7 4 : 2447
 4 0 2 5 6 1 3 7 : 2448
 0 3 4 7 1 5 2 6 : 2449
 5 3 4 6 0 1 7 2 : 2450
 1 3 4 2 5 0 6 7 : 2451
 6 4 7 2 0 1 3 5 : 2452
 2 7 3 5 0 1 4 6 : 2453
 7 4 2 6 1 5 3 0 : 2454
 3 7 5 2 1 6 4 0 : 2455
 4 3 6 5 1 2 7 0 : 2456
 0 4 7 3 1 6 5 2 : 2457
 5 4 6 3 0 2 1 7 : 2458
 1 4 2 3 5 7 0 6 : 2459
 6 7 2 4 0 5 1 3 : 2460
 2 3 5 7 0 6 1 4 : 2461
 7 2 6 4 1 0 5 3 : 2462
 3 5 2 7 1 0 6 4 : 2463
 4 6 5 3 1 0 2 7 : 2464
 0 1 7 2 5 3 4 6 : 2465
 5 0 6 7 1 3 4 2 : 2466
 1 5 2 6 0 3 4 7 : 2467
 6 0 2 3 1 4 7 5 : 2468
 2 0 5 4 1 7 3 6 : 2469
 7 1 6 3 5 4 2 0 : 2470
 3 1 2 4 6 7 5 0 : 2471
 4 1 5 7 2 3 6 0 : 2472
 0 2 1 7 5 4 6 3 : 2473
 5 7 0 6 1 4 2 3 : 2474
 1 6 5 2 0 4 7 3 : 2475
 6 3 0 2 1 7 5 4 : 2476
 2 4 0 5 1 3 6 7 : 2477
 7 3 1 6 5 2 0 4 : 2478
 3 4 1 2 6 5 0 7 : 2479
 4 7 1 5 2 6 0 3 : 2480
 0 5 1 3 6 7 2 4 : 2481
 5 1 0 3 2 6 7 4 : 2482
 1 0 5 3 7 2 6 4 : 2483
 6 1 0 4 5 2 3 7 : 2484
 2 1 0 7 6 5 4 3 : 2485
 7 5 1 4 0 6 3 2 : 2486
 3 6 1 7 0 2 4 5 : 2487
 4 2 1 3 0 5 7 6 : 2488
 0 7 2 1 5 6 3 4 : 2489
 5 6 7 0 1 2 3 4 : 2490
 1 2 6 5 0 7 3 4 : 2491
 6 2 3 0 1 5 4 7 : 2492
 2 5 4 0 1 6 7 3 : 2493
 7 6 3 1 5 0 4 2 : 2494
 3 2 4 1 6 0 7 5 : 2495
 4 5 7 1 2 0 3 6 : 2496
 0 6 1 4 2 3 5 7 : 2497
 5 2 0 4 7 3 1 6 : 2498
 1 7 5 4 6 3 0 2 : 2499
 6 5 0 7 3 4 1 2 : 2500
 2 6 0 3 4 7 1 5 : 2501
 7 0 1 2 3 4 5 6 : 2502
 3 0 1 5 4 7 6 2 : 2503
 4 0 1 6 7 3 2 5 : 2504
 0 3 5 1 6 2 4 7 : 2505
 5 3 1 0 2 7 4 6 : 2506
 1 3 0 5 7 6 4 2 : 2507
 6 4 1 0 5 3 7 2 : 2508
 2 7 1 0 6 4 3 5 : 2509
 7 4 5 1 0 3 2 6 : 2510
 3 7 6 1 0 4 5 2 : 2511
 4 3 2 1 0 7 6 5 : 2512
 0 4 6 1 2 5 7 3 : 2513
 5 4 2 0 7 1 6 3 : 2514
 1 4 7 5 6 0 2 3 : 2515
 6 7 5 0 3 1 2 4 : 2516
 2 3 6 0 4 1 5 7 : 2517
 7 2 0 1 3 5 6 4 : 2518
 3 5 0 1 4 6 2 7 : 2519
 4 6 0 1 7 2 5 3 : 2520
 0 1 2 7 6 4 5 3 : 2521
 5 0 7 6 2 4 1 3 : 2522
 1 5 6 2 7 4 0 3 : 2523
 6 0 3 2 5 7 1 4 : 2524
 2 0 4 5 6 3 1 7 : 2525
 7 1 3 6 0 2 5 4 : 2526
 3 1 4 2 0 5 6 7 : 2527
 4 1 7 5 0 6 2 3 : 2528
 0 2 7 1 3 6 5 4 : 2529
 5 7 6 0 3 2 1 4 : 2530
 1 6 2 5 3 7 0 4 : 2531
 6 3 2 0 4 5 1 7 : 2532
 2 4 5 0 7 6 1 3 : 2533
 7 3 6 1 4 0 5 2 : 2534
 3 4 2 1 7 0 6 5 : 2535
 4 7 5 1 3 0 2 6 : 2536
 0 5 3 1 4 2 6 7 : 2537
 5 1 3 0 4 7 2 6 : 2538
 1 0 3 5 4 6 7 2 : 2539
 6 1 4 0 7 3 5 2 : 2540
 2 1 7 0 3 4 6 5 : 2541
 7 5 4 1 2 3 0 6 : 2542
 3 6 7 1 5 4 0 2 : 2543
 4 2 3 1 6 7 0 5 : 2544
 0 7 1 2 4 3 5 6 : 2545
 5 6 0 7 4 3 1 2 : 2546
 1 2 5 6 4 3 0 7 : 2547
 6 2 0 3 7 4 1 5 : 2548
 2 5 0 4 3 7 1 6 : 2549
 7 6 1 3 2 4 5 0 : 2550
 3 2 1 4 5 7 6 0 : 2551
 4 5 1 7 6 3 2 0 : 2552
 0 6 4 1 7 5 2 3 : 2553
 5 2 4 0 6 1 7 3 : 2554
 1 7 4 5 2 0 6 3 : 2555
 6 5 7 0 2 1 3 4 : 2556
 2 6 3 0 5 1 4 7 : 2557
 7 0 2 1 6 5 3 4 : 2558
 3 0 5 1 2 6 4 7 : 2559
 4 0 6 1 5 2 7 3 : 2560
 0 3 1 5 7 4 6 2 : 2561
 5 3 0 1 6 4 2 7 : 2562
 1 3 5 0 2 4 7 6 : 2563
 6 4 0 1 2 7 5 3 : 2564
 2 7 0 1 5 3 6 4 : 2565
 7 4 1 5 6 2 0 3 : 2566
 3 7 1 6 2 5 0 4 : 2567
 4 3 1 2 5 6 0 7 : 2568
 0 4 1 6 3 7 2 5 : 2569
 5 4 0 2 3 6 7 1 : 2570
 1 4 5 7 3 2 6 0 : 2571
 6 7 0 5 4 2 3 1 : 2572
 2 3 0 6 7 5 4 1 : 2573
 7 2 1 0 4 6 3 5 : 2574
 3 5 1 0 7 2 4 6 : 2575
 4 6 1 0 3 5 7 2 : 2576
 0 1 5 3 2 7 6 4 : 2577
 5 0 1 3 7 6 2 4 : 2578
 1 5 0 3 6 2 7 4 : 2579
 6 0 1 4 3 2 5 7 : 2580
 2 0 1 7 4 5 6 3 : 2581
 7 1 5 4 3 6 0 2 : 2582
 3 1 6 7 4 2 0 5 : 2583
 4 1 2 3 7 5 0 6 : 2584
 0 2 5 4 7 1 3 6 : 2585
 5 7 1 4 6 0 3 2 : 2586
 1 6 0 4 2 5 3 7 : 2587
 6 3 1 7 2 0 4 5 : 2588
 2 4 1 3 5 0 7 6 : 2589
 7 3 5 2 6 1 4 0 : 2590
 3 4 6 5 2 1 7 0 : 2591
 4 7 2 6 5 1 3 0 : 2592
 0 5 6 7 3 1 4 2 : 2593
 5 1 2 6 3 0 4 7 : 2594
 1 0 7 2 3 5 4 6 : 2595
 6 1 5 2 4 0 7 3 : 2596
 2 1 6 5 7 0 3 4 : 2597
 7 5 0 6 4 1 2 3 : 2598
 3 6 0 2 7 1 5 4 : 2599
 4 2 0 5 3 1 6 7 : 2600
 0 7 5 6 1 2 4 3 : 2601
 5 6 1 2 0 7 4 3 : 2602
 1 2 0 7 5 6 4 3 : 2603
 6 2 1 5 0 3 7 4 : 2604
 2 5 1 6 0 4 3 7 : 2605
 7 6 5 0 1 3 2 4 : 2606
 3 2 6 0 1 4 5 7 : 2607
 4 5 2 0 1 7 6 3 : 2608
 0 6 2 3 4 1 7 5 : 2609
 5 2 7 3 4 0 6 1 : 2610
 1 7 6 3 4 5 2 0 : 2611
 6 5 3 4 7 0 2 1 : 2612
 2 6 4 7 3 0 5 1 : 2613
 7 0 3 4 2 1 6 5 : 2614
 3 0 4 7 5 1 2 6 : 2615
 4 0 7 3 6 1 5 2 : 2616
 0 3 6 2 1 5 7 4 : 2617
 5 3 2 7 0 1 6 4 : 2618
 1 3 7 6 5 0 2 4 : 2619
 6 4 5 3 0 1 2 7 : 2620
 2 7 6 4 0 1 5 3 : 2621
 7 4 0 3 1 5 6 2 : 2622
 3 7 0 4 1 6 2 5 : 2623
 4 3 0 7 1 2 5 6 : 2624
 0 4 2 5 1 6 3 7 : 2625
 5 4 7 1 0 2 3 6 : 2626
 1 4 6 0 5 7 3 2 : 2627
 6 7 3 1 0 5 4 2 : 2628
 2 3 4 1 0 6 7 5 : 2629
 7 2 3 5 1 0 4 6 : 2630
 3 5 4 6 1 0 7 2 : 2631
 4 6 7 2 1 0 3 5 : 2632
 0 1 6 4 5 3 2 7 : 2633
 5 0 2 4 1 3 7 6 : 2634
 1 5 7 4 0 3 6 2 : 2635
 6 0 5 7 1 4 3 2 : 2636
 2 0 6 3 1 7 4 5 : 2637
 7 1 0 2 5 4 3 6 : 2638
 3 1 0 5 6 7 4 2 : 2639
 4 1 0 6 2 3 7 5 : 2640
 0 2 3 6 5 4 7 1 : 2641
 5 7 3 2 1 4 6 0 : 2642
 1 6 3 7 0 4 2 5 : 2643
 6 3 4 5 1 7 2 0 : 2644
 2 4 7 6 1 3 5 0 : 2645
 7 3 4 0 5 2 6 1 : 2646
 3 4 7 0 6 5 2 1 : 2647
 4 7 3 0 2 6 5 1 : 2648
 0 5 4 2 6 7 3 1 : 2649
 5 1 4 7 2 6 3 0 : 2650
 1 0 4 6 7 2 3 5 : 2651
 6 1 7 3 5 2 4 0 : 2652
 2 1 3 4 6 5 7 0 : 2653
 7 5 2 3 0 6 4 1 : 2654
 3 6 5 4 0 2 7 1 : 2655
 4 2 6 7 0 5 3 1 : 2656
 0 7 4 3 5 6 1 2 : 2657
 5 6 4 3 1 2 0 7 : 2658
 1 2 4 3 0 7 5 6 : 2659
 6 2 7 4 1 5 0 3 : 2660
 2 5 3 7 1 6 0 4 : 2661
 7 6 2 4 5 0 1 3 : 2662
 3 2 5 7 6 0 1 4 : 2663
 4 5 6 3 2 0 1 7 : 2664
 0 6 7 5 2 3 4 1 : 2665
 5 2 6 1 7 3 4 0 : 2666
 1 7 2 0 6 3 4 5 : 2667
 6 5 2 1 3 4 7 0 : 2668
 2 6 5 1 4 7 3 0 : 2669
 7 0 6 5 3 4 2 1 : 2670
 3 0 2 6 4 7 5 1 : 2671
 4 0 5 2 7 3 6 1 : 2672
 0 3 7 4 6 2 1 5 : 2673
 5 3 6 4 2 7 0 1 : 2674
 1 3 2 4 7 6 5 0 : 2675
 6 4 2 7 5 3 0 1 : 2676
 2 7 5 3 6 4 0 1 : 2677
 7 4 6 2 0 3 1 5 : 2678
 3 7 2 5 0 4 1 6 : 2679
 4 3 5 6 0 7 1 2 : 2680
 0 4 3 7 2 5 1 6 : 2681
 5 4 3 6 7 1 0 2 : 2682
 1 4 3 2 6 0 5 7 : 2683
 6 7 4 2 3 1 0 5 : 2684
 2 3 7 5 4 1 0 6 : 2685
 7 2 4 6 3 5 1 0 : 2686
 3 5 7 2 4 6 1 0 : 2687
 4 6 3 5 7 2 1 0 : 2688
